Model Marker Errors from IK
version=1
nRows=661
nColumns=4
inDegrees=no
endheader
time	total_squared_error	marker_error_RMS	marker_error_max
      0.00000000	      0.00711762	      0.01540305	      0.02700846
      0.00500000	      0.00716120	      0.01545014	      0.02751761
      0.01000000	      0.00720192	      0.01549399	      0.02812768
      0.01500000	      0.00724145	      0.01553646	      0.02876583
      0.02000000	      0.00732562	      0.01562649	      0.02964340
      0.02500000	      0.00733032	      0.01563150	      0.02990422
      0.03000000	      0.00735034	      0.01565284	      0.03019965
      0.03500000	      0.00739250	      0.01569767	      0.03061964
      0.04000000	      0.00745716	      0.01576616	      0.03075015
      0.04500000	      0.00748246	      0.01579289	      0.03106061
      0.05000000	      0.00745994	      0.01576911	      0.03057383
      0.05500000	      0.00738438	      0.01568904	      0.03002683
      0.06000000	      0.00742452	      0.01573162	      0.03006295
      0.06500000	      0.00741857	      0.01572531	      0.03036853
      0.07000000	      0.00738090	      0.01568535	      0.03038132
      0.07500000	      0.00737927	      0.01568361	      0.03040080
      0.08000000	      0.00736017	      0.01566330	      0.03034680
      0.08500000	      0.00732832	      0.01562937	      0.03038542
      0.09000000	      0.00727302	      0.01557029	      0.03030483
      0.09500000	      0.00721979	      0.01551321	      0.03024560
      0.10000000	      0.00716324	      0.01545233	      0.03003747
      0.10500000	      0.00710048	      0.01538450	      0.02934466
      0.11000000	      0.00702609	      0.01530369	      0.02945203
      0.11500000	      0.00702523	      0.01530275	      0.02941860
      0.12000000	      0.00700429	      0.01527994	      0.02901196
      0.12500000	      0.00705878	      0.01533925	      0.02934610
      0.13000000	      0.00709079	      0.01537399	      0.02934416
      0.13500000	      0.00692081	      0.01518860	      0.02896846
      0.14000000	      0.00689963	      0.01516534	      0.02902140
      0.14500000	      0.00683463	      0.01509374	      0.02867371
      0.15000000	      0.00671284	      0.01495865	      0.02793869
      0.15500000	      0.00658817	      0.01481910	      0.02742563
      0.16000000	      0.00638363	      0.01458724	      0.02776764
      0.16500000	      0.00618370	      0.01435700	      0.02703095
      0.17000000	      0.00599171	      0.01413236	      0.02797172
      0.17500000	      0.00583526	      0.01394664	      0.02745952
      0.18000000	      0.00565562	      0.01373028	      0.02661005
      0.18500000	      0.00559726	      0.01365925	      0.02734873
      0.19000000	      0.00554790	      0.01359889	      0.02712347
      0.19500000	      0.00553220	      0.01357964	      0.02750482
      0.20000000	      0.00548759	      0.01352478	      0.02722957
      0.20500000	      0.00557216	      0.01362860	      0.02830403
      0.21000000	      0.00556474	      0.01361952	      0.02880538
      0.21500000	      0.00563109	      0.01370047	      0.02883983
      0.22000000	      0.00569144	      0.01377370	      0.02907403
      0.22500000	      0.00577121	      0.01386988	      0.02891734
      0.23000000	      0.00577021	      0.01386868	      0.02947381
      0.23500000	      0.00584360	      0.01395660	      0.02939129
      0.24000000	      0.00579964	      0.01390400	      0.02909109
      0.24500000	      0.00580080	      0.01390539	      0.02887782
      0.25000000	      0.00577549	      0.01387502	      0.02864801
      0.25500000	      0.00573776	      0.01382963	      0.02878844
      0.26000000	      0.00571214	      0.01379872	      0.02849509
      0.26500000	      0.00567656	      0.01375568	      0.02871883
      0.27000000	      0.00565134	      0.01372508	      0.02840910
      0.27500000	      0.00564831	      0.01372141	      0.02810897
      0.28000000	      0.00567938	      0.01375909	      0.02783702
      0.28500000	      0.00571716	      0.01380478	      0.02751484
      0.29000000	      0.00573594	      0.01382744	      0.02720969
      0.29500000	      0.00571089	      0.01379721	      0.02683620
      0.30000000	      0.00564081	      0.01371229	      0.02616604
      0.30500000	      0.00557983	      0.01363797	      0.02605759
      0.31000000	      0.00552842	      0.01357501	      0.02574887
      0.31500000	      0.00549121	      0.01352924	      0.02525523
      0.32000000	      0.00549159	      0.01352971	      0.02511229
      0.32500000	      0.00549188	      0.01353007	      0.02470166
      0.33000000	      0.00551009	      0.01355248	      0.02480463
      0.33500000	      0.00551313	      0.01355621	      0.02486005
      0.34000000	      0.00551678	      0.01356070	      0.02478585
      0.34500000	      0.00553284	      0.01358042	      0.02457063
      0.35000000	      0.00552527	      0.01357113	      0.02439680
      0.35500000	      0.00556332	      0.01361778	      0.02420234
      0.36000000	      0.00549144	      0.01352952	      0.02403267
      0.36500000	      0.00551511	      0.01355865	      0.02386733
      0.37000000	      0.00550595	      0.01354738	      0.02361695
      0.37500000	      0.00556006	      0.01361380	      0.02351938
      0.38000000	      0.00549230	      0.01353058	      0.02333929
      0.38500000	      0.00551992	      0.01356456	      0.02309369
      0.39000000	      0.00553470	      0.01358271	      0.02301759
      0.39500000	      0.00557468	      0.01363167	      0.02276348
      0.40000000	      0.00558590	      0.01364539	      0.02254659
      0.40500000	      0.00564209	      0.01371385	      0.02218574
      0.41000000	      0.00570206	      0.01378654	      0.02183851
      0.41500000	      0.00572659	      0.01381616	      0.02155595
      0.42000000	      0.00581062	      0.01391716	      0.02177135
      0.42500000	      0.00589762	      0.01402096	      0.02195650
      0.43000000	      0.00589817	      0.01402162	      0.02159595
      0.43500000	      0.00599880	      0.01414073	      0.02178703
      0.44000000	      0.00610056	      0.01426015	      0.02244441
      0.44500000	      0.00622279	      0.01440230	      0.02314991
      0.45000000	      0.00636257	      0.01456316	      0.02387717
      0.45500000	      0.00649624	      0.01471534	      0.02442773
      0.46000000	      0.00666557	      0.01490589	      0.02515518
      0.46500000	      0.00685167	      0.01511255	      0.02566690
      0.47000000	      0.00704843	      0.01532800	      0.02558639
      0.47500000	      0.00721964	      0.01551305	      0.02581524
      0.48000000	      0.00731542	      0.01561561	      0.02517622
      0.48500000	      0.00744125	      0.01574934	      0.02454864
      0.49000000	      0.00753145	      0.01584451	      0.02407373
      0.49500000	      0.00759933	      0.01591575	      0.02398580
      0.50000000	      0.00754649	      0.01586032	      0.02403703
      0.50500000	      0.00758367	      0.01589934	      0.02413863
      0.51000000	      0.00753736	      0.01585072	      0.02421372
      0.51500000	      0.00747436	      0.01578434	      0.02415955
      0.52000000	      0.00745602	      0.01576497	      0.02419617
      0.52500000	      0.00742817	      0.01573549	      0.02396811
      0.53000000	      0.00741488	      0.01572141	      0.02386496
      0.53500000	      0.00740625	      0.01571226	      0.02488373
      0.54000000	      0.00746166	      0.01577093	      0.02593586
      0.54500000	      0.00756537	      0.01588014	      0.02626087
      0.55000000	      0.00768263	      0.01600274	      0.02712258
      0.55500000	      0.00781022	      0.01613508	      0.02687443
      0.56000000	      0.00791804	      0.01624606	      0.02677491
      0.56500000	      0.00796269	      0.01629180	      0.02653358
      0.57000000	      0.00792481	      0.01625301	      0.02653492
      0.57500000	      0.00780639	      0.01613112	      0.02603051
      0.58000000	      0.00762452	      0.01594210	      0.02554361
      0.58500000	      0.00738278	      0.01568734	      0.02483305
      0.59000000	      0.00711122	      0.01539613	      0.02440733
      0.59500000	      0.00682001	      0.01507759	      0.02350912
      0.60000000	      0.00657791	      0.01480756	      0.02341224
      0.60500000	      0.00637136	      0.01457322	      0.02303079
      0.61000000	      0.00623538	      0.01441686	      0.02329814
      0.61500000	      0.00622494	      0.01440480	      0.02288641
      0.62000000	      0.00624200	      0.01442451	      0.02298948
      0.62500000	      0.00629584	      0.01448659	      0.02306879
      0.63000000	      0.00639624	      0.01460165	      0.02346577
      0.63500000	      0.00652732	      0.01475051	      0.02365369
      0.64000000	      0.00666885	      0.01490956	      0.02375877
      0.64500000	      0.00680125	      0.01505683	      0.02383749
      0.65000000	      0.00692205	      0.01518997	      0.02388465
      0.65500000	      0.00702085	      0.01529799	      0.02372483
      0.66000000	      0.00709446	      0.01537797	      0.02390931
      0.66500000	      0.00713535	      0.01542222	      0.02409125
      0.67000000	      0.00715907	      0.01544784	      0.02404993
      0.67500000	      0.00717495	      0.01546496	      0.02424725
      0.68000000	      0.00713735	      0.01542439	      0.02406072
      0.68500000	      0.00712327	      0.01540916	      0.02408499
      0.69000000	      0.00709659	      0.01538028	      0.02408125
      0.69500000	      0.00705276	      0.01533271	      0.02391749
      0.70000000	      0.00696140	      0.01523308	      0.02363553
      0.70500000	      0.00694587	      0.01521608	      0.02366573
      0.71000000	      0.00691660	      0.01518398	      0.02353157
      0.71500000	      0.00691181	      0.01517872	      0.02357436
      0.72000000	      0.00687108	      0.01513394	      0.02350680
      0.72500000	      0.00687657	      0.01513998	      0.02347914
      0.73000000	      0.00689748	      0.01516298	      0.02346854
      0.73500000	      0.00681906	      0.01507654	      0.02315938
      0.74000000	      0.00685580	      0.01511709	      0.02312077
      0.74500000	      0.00688824	      0.01515282	      0.02313844
      0.75000000	      0.00692181	      0.01518970	      0.02343880
      0.75500000	      0.00695313	      0.01522402	      0.02376124
      0.76000000	      0.00697816	      0.01525141	      0.02411994
      0.76500000	      0.00694923	      0.01521976	      0.02519922
      0.77000000	      0.00696824	      0.01524056	      0.02546312
      0.77500000	      0.00698534	      0.01525925	      0.02572127
      0.78000000	      0.00700768	      0.01528363	      0.02597544
      0.78500000	      0.00704318	      0.01532229	      0.02628981
      0.79000000	      0.00701467	      0.01529125	      0.02702641
      0.79500000	      0.00705983	      0.01534039	      0.02721490
      0.80000000	      0.00709392	      0.01537738	      0.02728541
      0.80500000	      0.00716639	      0.01545574	      0.02737379
      0.81000000	      0.00723411	      0.01552859	      0.02750485
      0.81500000	      0.00729279	      0.01559144	      0.02762654
      0.82000000	      0.00734685	      0.01564912	      0.02783359
      0.82500000	      0.00739171	      0.01569682	      0.02783880
      0.83000000	      0.00745819	      0.01576725	      0.02790883
      0.83500000	      0.00751430	      0.01582646	      0.02790970
      0.84000000	      0.00755863	      0.01587307	      0.02790449
      0.84500000	      0.00754393	      0.01585762	      0.02789106
      0.85000000	      0.00758555	      0.01590131	      0.02790518
      0.85500000	      0.00759955	      0.01591598	      0.02784905
      0.86000000	      0.00760288	      0.01591946	      0.02777629
      0.86500000	      0.00760180	      0.01591834	      0.02768595
      0.87000000	      0.00751823	      0.01583059	      0.02806100
      0.87500000	      0.00749900	      0.01581033	      0.02788863
      0.88000000	      0.00748352	      0.01579401	      0.02770336
      0.88500000	      0.00749610	      0.01580728	      0.02780252
      0.89000000	      0.00747002	      0.01577975	      0.02758978
      0.89500000	      0.00744318	      0.01575138	      0.02760816
      0.90000000	      0.00747743	      0.01578758	      0.02802993
      0.90500000	      0.00745776	      0.01576680	      0.02804213
      0.91000000	      0.00747151	      0.01578133	      0.02814444
      0.91500000	      0.00744765	      0.01575611	      0.02800740
      0.92000000	      0.00744787	      0.01575634	      0.02803606
      0.92500000	      0.00742713	      0.01573439	      0.02779838
      0.93000000	      0.00744635	      0.01575474	      0.02812669
      0.93500000	      0.00740952	      0.01571572	      0.02733953
      0.94000000	      0.00735987	      0.01566298	      0.02712902
      0.94500000	      0.00732620	      0.01562711	      0.02683360
      0.95000000	      0.00724716	      0.01554259	      0.02630685
      0.95500000	      0.00717856	      0.01546885	      0.02569293
      0.96000000	      0.00711290	      0.01539794	      0.02517671
      0.96500000	      0.00706353	      0.01534441	      0.02466631
      0.97000000	      0.00702096	      0.01529810	      0.02412345
      0.97500000	      0.00697326	      0.01524605	      0.02358083
      0.98000000	      0.00695302	      0.01522391	      0.02365172
      0.98500000	      0.00697074	      0.01524329	      0.02369446
      0.99000000	      0.00693907	      0.01520863	      0.02377747
      0.99500000	      0.00691879	      0.01518638	      0.02374239
      1.00000000	      0.00688103	      0.01514489	      0.02361541
      1.00500000	      0.00682051	      0.01507814	      0.02374846
      1.01000000	      0.00671277	      0.01495858	      0.02347098
      1.01500000	      0.00658734	      0.01481817	      0.02348342
      1.02000000	      0.00645505	      0.01466861	      0.02347572
      1.02500000	      0.00625881	      0.01444393	      0.02295280
      1.03000000	      0.00603713	      0.01418583	      0.02247728
      1.03500000	      0.00586215	      0.01397873	      0.02257405
      1.04000000	      0.00574618	      0.01383977	      0.02216249
      1.04500000	      0.00557739	      0.01363499	      0.02203177
      1.05000000	      0.00548109	      0.01351677	      0.02225193
      1.05500000	      0.00538250	      0.01339465	      0.02175554
      1.06000000	      0.00532784	      0.01332646	      0.02155458
      1.06500000	      0.00532386	      0.01332148	      0.02190935
      1.07000000	      0.00537385	      0.01338389	      0.02227328
      1.07500000	      0.00534773	      0.01335131	      0.02159501
      1.08000000	      0.00540060	      0.01341716	      0.02174923
      1.08500000	      0.00541850	      0.01343937	      0.02136912
      1.09000000	      0.00547762	      0.01351249	      0.02177559
      1.09500000	      0.00545665	      0.01348659	      0.02113450
      1.10000000	      0.00548585	      0.01352264	      0.02140871
      1.10500000	      0.00545259	      0.01348157	      0.02160189
      1.11000000	      0.00546946	      0.01350242	      0.02168801
      1.11500000	      0.00541343	      0.01343308	      0.02211389
      1.12000000	      0.00542115	      0.01344265	      0.02216876
      1.12500000	      0.00537803	      0.01338909	      0.02229273
      1.13000000	      0.00537286	      0.01338265	      0.02241186
      1.13500000	      0.00536892	      0.01337774	      0.02254492
      1.14000000	      0.00540581	      0.01342363	      0.02274489
      1.14500000	      0.00536613	      0.01337427	      0.02342719
      1.15000000	      0.00536758	      0.01337607	      0.02366459
      1.15500000	      0.00537094	      0.01338026	      0.02387258
      1.16000000	      0.00537608	      0.01338666	      0.02407033
      1.16500000	      0.00536928	      0.01337819	      0.02417416
      1.17000000	      0.00539023	      0.01340426	      0.02434723
      1.17500000	      0.00540290	      0.01342001	      0.02442406
      1.18000000	      0.00541051	      0.01342945	      0.02448364
      1.18500000	      0.00542478	      0.01344716	      0.02452356
      1.19000000	      0.00542970	      0.01345325	      0.02453425
      1.19500000	      0.00543493	      0.01345973	      0.02464287
      1.20000000	      0.00546804	      0.01350067	      0.02475519
      1.20500000	      0.00544488	      0.01347205	      0.02461065
      1.21000000	      0.00543594	      0.01346098	      0.02453341
      1.21500000	      0.00541632	      0.01343667	      0.02429363
      1.22000000	      0.00541235	      0.01343175	      0.02409903
      1.22500000	      0.00540589	      0.01342373	      0.02393084
      1.23000000	      0.00540722	      0.01342537	      0.02367119
      1.23500000	      0.00540229	      0.01341926	      0.02339877
      1.24000000	      0.00545254	      0.01348152	      0.02310889
      1.24500000	      0.00541133	      0.01343048	      0.02274021
      1.25000000	      0.00540173	      0.01341856	      0.02243495
      1.25500000	      0.00541057	      0.01342953	      0.02216320
      1.26000000	      0.00540439	      0.01342186	      0.02195600
      1.26500000	      0.00543750	      0.01346292	      0.02161513
      1.27000000	      0.00546327	      0.01349478	      0.02132770
      1.27500000	      0.00549702	      0.01353640	      0.02115991
      1.28000000	      0.00548080	      0.01351640	      0.02111761
      1.28500000	      0.00552365	      0.01356914	      0.02094336
      1.29000000	      0.00556250	      0.01361678	      0.02124188
      1.29500000	      0.00562824	      0.01369701	      0.02145429
      1.30000000	      0.00569061	      0.01377269	      0.02135712
      1.30500000	      0.00578778	      0.01388978	      0.02151343
      1.31000000	      0.00590673	      0.01403179	      0.02156185
      1.31500000	      0.00604686	      0.01419725	      0.02255383
      1.32000000	      0.00618789	      0.01436186	      0.02317065
      1.32500000	      0.00632596	      0.01452120	      0.02374297
      1.33000000	      0.00650196	      0.01472182	      0.02434692
      1.33500000	      0.00667961	      0.01492158	      0.02468431
      1.34000000	      0.00686874	      0.01513136	      0.02478871
      1.34500000	      0.00700397	      0.01527958	      0.02505002
      1.35000000	      0.00710291	      0.01538713	      0.02565225
      1.35500000	      0.00719322	      0.01548464	      0.02582007
      1.36000000	      0.00725530	      0.01555132	      0.02578893
      1.36500000	      0.00730185	      0.01560112	      0.02565305
      1.37000000	      0.00732341	      0.01562414	      0.02526856
      1.37500000	      0.00729756	      0.01559653	      0.02473883
      1.38000000	      0.00723323	      0.01552764	      0.02432964
      1.38500000	      0.00715855	      0.01544728	      0.02376323
      1.39000000	      0.00703476	      0.01531314	      0.02326508
      1.39500000	      0.00694401	      0.01521404	      0.02338179
      1.40000000	      0.00683717	      0.01509655	      0.02386553
      1.40500000	      0.00670775	      0.01495298	      0.02416114
      1.41000000	      0.00655797	      0.01478509	      0.02426786
      1.41500000	      0.00650726	      0.01472782	      0.02463347
      1.42000000	      0.00646124	      0.01467565	      0.02468628
      1.42500000	      0.00647018	      0.01468580	      0.02478523
      1.43000000	      0.00652973	      0.01475323	      0.02446390
      1.43500000	      0.00664977	      0.01488822	      0.02489611
      1.44000000	      0.00679056	      0.01504500	      0.02507146
      1.44500000	      0.00690976	      0.01517647	      0.02441653
      1.45000000	      0.00702151	      0.01529871	      0.02464259
      1.45500000	      0.00702437	      0.01530182	      0.02503417
      1.46000000	      0.00696029	      0.01523186	      0.02522241
      1.46500000	      0.00677987	      0.01503315	      0.02533427
      1.47000000	      0.00661701	      0.01485150	      0.02512117
      1.47500000	      0.00642854	      0.01463846	      0.02487569
      1.48000000	      0.00622859	      0.01440901	      0.02452210
      1.48500000	      0.00607297	      0.01422787	      0.02425780
      1.49000000	      0.00596940	      0.01410602	      0.02399261
      1.49500000	      0.00588587	      0.01400699	      0.02367627
      1.50000000	      0.00589001	      0.01401191	      0.02346099
      1.50500000	      0.00593590	      0.01406639	      0.02325674
      1.51000000	      0.00602407	      0.01417047	      0.02313644
      1.51500000	      0.00611142	      0.01427284	      0.02387265
      1.52000000	      0.00623360	      0.01441481	      0.02378337
      1.52500000	      0.00635623	      0.01455590	      0.02387953
      1.53000000	      0.00648138	      0.01469850	      0.02376609
      1.53500000	      0.00657416	      0.01480334	      0.02379846
      1.54000000	      0.00663299	      0.01486943	      0.02380649
      1.54500000	      0.00665674	      0.01489602	      0.02389153
      1.55000000	      0.00666540	      0.01490570	      0.02376007
      1.55500000	      0.00664641	      0.01488446	      0.02367911
      1.56000000	      0.00660836	      0.01484179	      0.02352100
      1.56500000	      0.00655325	      0.01477977	      0.02316201
      1.57000000	      0.00649646	      0.01471559	      0.02296669
      1.57500000	      0.00650368	      0.01472377	      0.02310428
      1.58000000	      0.00649002	      0.01470830	      0.02298039
      1.58500000	      0.00640150	      0.01460765	      0.02262832
      1.59000000	      0.00638647	      0.01459049	      0.02260698
      1.59500000	      0.00636215	      0.01456268	      0.02255459
      1.60000000	      0.00637737	      0.01458009	      0.02260875
      1.60500000	      0.00637028	      0.01457199	      0.02255944
      1.61000000	      0.00639097	      0.01459563	      0.02257812
      1.61500000	      0.00640498	      0.01461161	      0.02274438
      1.62000000	      0.00643493	      0.01464573	      0.02304185
      1.62500000	      0.00642766	      0.01463746	      0.02349290
      1.63000000	      0.00645379	      0.01466719	      0.02361946
      1.63500000	      0.00647151	      0.01468731	      0.02368919
      1.64000000	      0.00648194	      0.01469914	      0.02383852
      1.64500000	      0.00649047	      0.01470881	      0.02383795
      1.65000000	      0.00649188	      0.01471040	      0.02374604
      1.65500000	      0.00648295	      0.01470028	      0.02371702
      1.66000000	      0.00648765	      0.01470561	      0.02375446
      1.66500000	      0.00643637	      0.01464738	      0.02408048
      1.67000000	      0.00644351	      0.01465550	      0.02423640
      1.67500000	      0.00644173	      0.01465348	      0.02434545
      1.68000000	      0.00642807	      0.01463793	      0.02442018
      1.68500000	      0.00646958	      0.01468512	      0.02456175
      1.69000000	      0.00644848	      0.01466115	      0.02474345
      1.69500000	      0.00650643	      0.01472688	      0.02496347
      1.70000000	      0.00653315	      0.01475709	      0.02516238
      1.70500000	      0.00657157	      0.01480042	      0.02522845
      1.71000000	      0.00659901	      0.01483129	      0.02537163
      1.71500000	      0.00664645	      0.01488450	      0.02542207
      1.72000000	      0.00660630	      0.01483947	      0.02618076
      1.72500000	      0.00665479	      0.01489384	      0.02614346
      1.73000000	      0.00670674	      0.01495186	      0.02611664
      1.73500000	      0.00674701	      0.01499668	      0.02607079
      1.74000000	      0.00678583	      0.01503976	      0.02631297
      1.74500000	      0.00681407	      0.01507102	      0.02631686
      1.75000000	      0.00685290	      0.01511391	      0.02630837
      1.75500000	      0.00686879	      0.01513141	      0.02671107
      1.76000000	      0.00689258	      0.01515760	      0.02662937
      1.76500000	      0.00693559	      0.01520481	      0.02655784
      1.77000000	      0.00699034	      0.01526470	      0.02662007
      1.77500000	      0.00706562	      0.01534668	      0.02728442
      1.78000000	      0.00712190	      0.01540768	      0.02697192
      1.78500000	      0.00718939	      0.01548052	      0.02740537
      1.79000000	      0.00726607	      0.01556285	      0.02783651
      1.79500000	      0.00736406	      0.01566744	      0.02783851
      1.80000000	      0.00744227	      0.01575042	      0.02823139
      1.80500000	      0.00748881	      0.01579959	      0.02866254
      1.81000000	      0.00753170	      0.01584477	      0.02912224
      1.81500000	      0.00754268	      0.01585631	      0.02784915
      1.82000000	      0.00755480	      0.01586905	      0.02792207
      1.82500000	      0.00755169	      0.01586578	      0.02803335
      1.83000000	      0.00752434	      0.01583703	      0.02807293
      1.83500000	      0.00747806	      0.01578825	      0.02795554
      1.84000000	      0.00741559	      0.01572216	      0.02780278
      1.84500000	      0.00734323	      0.01564526	      0.02733747
      1.85000000	      0.00727439	      0.01557176	      0.02699770
      1.85500000	      0.00720743	      0.01549992	      0.02674350
      1.86000000	      0.00715319	      0.01544149	      0.02647036
      1.86500000	      0.00711028	      0.01539511	      0.02611784
      1.87000000	      0.00709961	      0.01538355	      0.02659294
      1.87500000	      0.00709169	      0.01537497	      0.02604375
      1.88000000	      0.00711688	      0.01540225	      0.02576262
      1.88500000	      0.00711901	      0.01540456	      0.02566266
      1.89000000	      0.00714709	      0.01543491	      0.02610508
      1.89500000	      0.00710242	      0.01538660	      0.02599523
      1.90000000	      0.00709824	      0.01538207	      0.02564478
      1.90500000	      0.00704968	      0.01532936	      0.02580386
      1.91000000	      0.00695740	      0.01522870	      0.02522278
      1.91500000	      0.00687463	      0.01513785	      0.02464621
      1.92000000	      0.00672862	      0.01497623	      0.02472451
      1.92500000	      0.00655967	      0.01478701	      0.02388267
      1.93000000	      0.00631109	      0.01450413	      0.02451301
      1.93500000	      0.00615158	      0.01431966	      0.02320823
      1.94000000	      0.00598253	      0.01412154	      0.02305999
      1.94500000	      0.00578047	      0.01388100	      0.02286055
      1.95000000	      0.00569438	      0.01377725	      0.02200978
      1.95500000	      0.00563070	      0.01370000	      0.02192358
      1.96000000	      0.00558870	      0.01364881	      0.02187505
      1.96500000	      0.00561487	      0.01368072	      0.02214294
      1.97000000	      0.00564367	      0.01371577	      0.02233822
      1.97500000	      0.00571641	      0.01380388	      0.02295483
      1.98000000	      0.00574323	      0.01383622	      0.02255769
      1.98500000	      0.00581012	      0.01391656	      0.02314007
      1.99000000	      0.00581222	      0.01391908	      0.02236127
      1.99500000	      0.00586833	      0.01398610	      0.02299831
      2.00000000	      0.00586206	      0.01397862	      0.02271094
      2.00500000	      0.00588459	      0.01400547	      0.02319176
      2.01000000	      0.00590764	      0.01403287	      0.02381496
      2.01500000	      0.00590871	      0.01403413	      0.02422678
      2.02000000	      0.00581492	      0.01392231	      0.02380405
      2.02500000	      0.00581092	      0.01391752	      0.02393165
      2.03000000	      0.00573180	      0.01382245	      0.02405089
      2.03500000	      0.00572214	      0.01381080	      0.02430116
      2.04000000	      0.00563585	      0.01370627	      0.02450424
      2.04500000	      0.00558952	      0.01364982	      0.02431471
      2.05000000	      0.00559893	      0.01366130	      0.02457749
      2.05500000	      0.00562755	      0.01369617	      0.02481254
      2.06000000	      0.00564122	      0.01371279	      0.02498972
      2.06500000	      0.00561192	      0.01367713	      0.02497173
      2.07000000	      0.00556649	      0.01362166	      0.02496274
      2.07500000	      0.00551010	      0.01355249	      0.02499249
      2.08000000	      0.00545346	      0.01348266	      0.02503424
      2.08500000	      0.00541618	      0.01343650	      0.02545065
      2.09000000	      0.00538756	      0.01340094	      0.02548255
      2.09500000	      0.00534384	      0.01334646	      0.02556360
      2.10000000	      0.00531077	      0.01330510	      0.02597231
      2.10500000	      0.00527538	      0.01326069	      0.02586612
      2.11000000	      0.00523825	      0.01321395	      0.02578384
      2.11500000	      0.00520864	      0.01317655	      0.02577937
      2.12000000	      0.00518863	      0.01315122	      0.02560002
      2.12500000	      0.00519255	      0.01315617	      0.02539608
      2.13000000	      0.00516695	      0.01312371	      0.02510930
      2.13500000	      0.00518270	      0.01314370	      0.02479363
      2.14000000	      0.00516865	      0.01312587	      0.02455886
      2.14500000	      0.00524130	      0.01321779	      0.02432671
      2.15000000	      0.00520650	      0.01317384	      0.02412359
      2.15500000	      0.00522567	      0.01319807	      0.02391355
      2.16000000	      0.00525040	      0.01322926	      0.02359973
      2.16500000	      0.00528466	      0.01327235	      0.02353575
      2.17000000	      0.00532363	      0.01332120	      0.02325642
      2.17500000	      0.00536521	      0.01337312	      0.02323676
      2.18000000	      0.00542520	      0.01344767	      0.02298610
      2.18500000	      0.00548141	      0.01351716	      0.02283202
      2.19000000	      0.00556795	      0.01362345	      0.02262850
      2.19500000	      0.00566361	      0.01373998	      0.02245186
      2.20000000	      0.00576454	      0.01386187	      0.02226860
      2.20500000	      0.00588372	      0.01400443	      0.02211414
      2.21000000	      0.00601193	      0.01415618	      0.02245735
      2.21500000	      0.00614913	      0.01431680	      0.02314376
      2.22000000	      0.00624453	      0.01442744	      0.02362896
      2.22500000	      0.00640360	      0.01461004	      0.02432767
      2.23000000	      0.00656813	      0.01479654	      0.02486816
      2.23500000	      0.00671535	      0.01496145	      0.02506977
      2.24000000	      0.00687595	      0.01513930	      0.02545775
      2.24500000	      0.00700346	      0.01527903	      0.02515251
      2.25000000	      0.00715343	      0.01544175	      0.02537323
      2.25500000	      0.00728406	      0.01558210	      0.02482653
      2.26000000	      0.00735312	      0.01565580	      0.02449120
      2.26500000	      0.00730401	      0.01560342	      0.02449110
      2.27000000	      0.00737919	      0.01568353	      0.02452383
      2.27500000	      0.00744390	      0.01575214	      0.02455825
      2.28000000	      0.00727349	      0.01557080	      0.02427638
      2.28500000	      0.00718574	      0.01547658	      0.02371433
      2.29000000	      0.00712765	      0.01541390	      0.02330707
      2.29500000	      0.00696619	      0.01523831	      0.02245151
      2.30000000	      0.00691932	      0.01518697	      0.02222460
      2.30500000	      0.00673749	      0.01498609	      0.02292975
      2.31000000	      0.00664173	      0.01487921	      0.02326380
      2.31500000	      0.00658863	      0.01481961	      0.02369575
      2.32000000	      0.00655180	      0.01477813	      0.02409163
      2.32500000	      0.00655769	      0.01478478	      0.02446227
      2.33000000	      0.00668872	      0.01493175	      0.02454990
      2.33500000	      0.00675106	      0.01500118	      0.02491047
      2.34000000	      0.00688506	      0.01514932	      0.02452471
      2.34500000	      0.00697149	      0.01524411	      0.02483971
      2.35000000	      0.00707095	      0.01535247	      0.02487368
      2.35500000	      0.00706915	      0.01535052	      0.02531564
      2.36000000	      0.00701385	      0.01529036	      0.02553706
      2.36500000	      0.00692730	      0.01519573	      0.02554658
      2.37000000	      0.00681358	      0.01507047	      0.02511498
      2.37500000	      0.00664878	      0.01488711	      0.02378554
      2.38000000	      0.00653275	      0.01475664	      0.02328841
      2.38500000	      0.00641955	      0.01462823	      0.02264460
      2.39000000	      0.00634095	      0.01453840	      0.02220805
      2.39500000	      0.00628943	      0.01447922	      0.02193917
      2.40000000	      0.00626710	      0.01445349	      0.02226585
      2.40500000	      0.00627810	      0.01446616	      0.02195252
      2.41000000	      0.00632531	      0.01452046	      0.02259569
      2.41500000	      0.00639245	      0.01459732	      0.02296673
      2.42000000	      0.00645931	      0.01467345	      0.02295537
      2.42500000	      0.00654165	      0.01476668	      0.02339238
      2.43000000	      0.00662328	      0.01485854	      0.02371635
      2.43500000	      0.00667479	      0.01491619	      0.02382332
      2.44000000	      0.00670096	      0.01494541	      0.02362903
      2.44500000	      0.00672674	      0.01497413	      0.02367930
      2.45000000	      0.00673287	      0.01498095	      0.02337551
      2.45500000	      0.00669829	      0.01494243	      0.02324984
      2.46000000	      0.00668618	      0.01492893	      0.02284858
      2.46500000	      0.00669355	      0.01493714	      0.02259163
      2.47000000	      0.00663924	      0.01487642	      0.02243483
      2.47500000	      0.00665543	      0.01489456	      0.02241041
      2.48000000	      0.00668087	      0.01492300	      0.02238793
      2.48500000	      0.00667251	      0.01491365	      0.02241319
      2.49000000	      0.00669770	      0.01494177	      0.02232670
      2.49500000	      0.00672504	      0.01497224	      0.02259291
      2.50000000	      0.00677684	      0.01502979	      0.02284311
      2.50500000	      0.00681476	      0.01507178	      0.02295271
      2.51000000	      0.00684215	      0.01510205	      0.02345997
      2.51500000	      0.00688722	      0.01515170	      0.02368745
      2.52000000	      0.00692739	      0.01519582	      0.02384121
      2.52500000	      0.00696285	      0.01523466	      0.02401527
      2.53000000	      0.00696973	      0.01524219	      0.02432480
      2.53500000	      0.00698486	      0.01525872	      0.02435005
      2.54000000	      0.00696293	      0.01523476	      0.02450490
      2.54500000	      0.00696488	      0.01523688	      0.02453096
      2.55000000	      0.00694493	      0.01521505	      0.02463046
      2.55500000	      0.00692955	      0.01519820	      0.02461468
      2.56000000	      0.00691418	      0.01518132	      0.02454752
      2.56500000	      0.00689998	      0.01516573	      0.02453639
      2.57000000	      0.00694434	      0.01521441	      0.02491266
      2.57500000	      0.00687213	      0.01513509	      0.02450405
      2.58000000	      0.00688539	      0.01514968	      0.02468599
      2.58500000	      0.00687136	      0.01513424	      0.02470682
      2.59000000	      0.00682952	      0.01508810	      0.02510842
      2.59500000	      0.00681847	      0.01507588	      0.02508360
      2.60000000	      0.00679870	      0.01505401	      0.02502472
      2.60500000	      0.00683682	      0.01509616	      0.02523355
      2.61000000	      0.00682843	      0.01508689	      0.02542663
      2.61500000	      0.00686233	      0.01512430	      0.02564814
      2.62000000	      0.00689049	      0.01515529	      0.02586048
      2.62500000	      0.00692192	      0.01518982	      0.02602260
      2.63000000	      0.00682708	      0.01508540	      0.02606994
      2.63500000	      0.00685641	      0.01511777	      0.02619365
      2.64000000	      0.00687049	      0.01513329	      0.02621460
      2.64500000	      0.00687519	      0.01513846	      0.02616114
      2.65000000	      0.00686626	      0.01512863	      0.02594766
      2.65500000	      0.00687013	      0.01513289	      0.02591248
      2.66000000	      0.00686872	      0.01513134	      0.02580517
      2.66500000	      0.00680413	      0.01506003	      0.02578888
      2.67000000	      0.00680691	      0.01506310	      0.02568045
      2.67500000	      0.00682156	      0.01507930	      0.02555774
      2.68000000	      0.00685226	      0.01511320	      0.02543276
      2.68500000	      0.00692314	      0.01519116	      0.02543602
      2.69000000	      0.00696591	      0.01523801	      0.02532048
      2.69500000	      0.00702668	      0.01530434	      0.02561313
      2.70000000	      0.00709690	      0.01538062	      0.02597094
      2.70500000	      0.00720174	      0.01549380	      0.02708304
      2.71000000	      0.00723901	      0.01553385	      0.02715690
      2.71500000	      0.00729010	      0.01558856	      0.02737790
      2.72000000	      0.00726172	      0.01555820	      0.02723169
      2.72500000	      0.00731876	      0.01561917	      0.02780687
      2.73000000	      0.00732940	      0.01563052	      0.02807003
      2.73500000	      0.00731065	      0.01561052	      0.02801148
      2.74000000	      0.00728851	      0.01558687	      0.02802920
      2.74500000	      0.00725141	      0.01554714	      0.02804657
      2.75000000	      0.00717919	      0.01546953	      0.02750267
      2.75500000	      0.00709830	      0.01538213	      0.02733111
      2.76000000	      0.00702439	      0.01530184	      0.02724960
      2.76500000	      0.00694548	      0.01521565	      0.02710510
      2.77000000	      0.00688088	      0.01514472	      0.02703392
      2.77500000	      0.00684262	      0.01510256	      0.02712846
      2.78000000	      0.00679462	      0.01504950	      0.02699406
      2.78500000	      0.00677444	      0.01502713	      0.02681891
      2.79000000	      0.00678265	      0.01503624	      0.02674027
      2.79500000	      0.00678288	      0.01503649	      0.02703687
      2.80000000	      0.00680591	      0.01506199	      0.02676737
      2.80500000	      0.00682973	      0.01508833	      0.02676002
      2.81000000	      0.00683598	      0.01509523	      0.02638376
      2.81500000	      0.00675756	      0.01500840	      0.02624104
      2.82000000	      0.00670335	      0.01494808	      0.02581730
      2.82500000	      0.00655934	      0.01478664	      0.02552548
      2.83000000	      0.00643022	      0.01464038	      0.02502758
      2.83500000	      0.00622227	      0.01440170	      0.02490628
      2.84000000	      0.00606037	      0.01421310	      0.02448940
      2.84500000	      0.00591686	      0.01404382	      0.02432398
      2.85000000	      0.00578036	      0.01388088	      0.02394409
      2.85500000	      0.00564640	      0.01371909	      0.02417865
      2.86000000	      0.00553965	      0.01358878	      0.02451748
      2.86500000	      0.00549595	      0.01353508	      0.02441773
      2.87000000	      0.00547762	      0.01351249	      0.02471562
      2.87500000	      0.00546815	      0.01350080	      0.02505789
      2.88000000	      0.00552203	      0.01356715	      0.02509243
      2.88500000	      0.00554012	      0.01358936	      0.02576917
      2.89000000	      0.00559428	      0.01365563	      0.02566131
      2.89500000	      0.00567910	      0.01375875	      0.02562364
      2.90000000	      0.00576103	      0.01385764	      0.02544243
      2.90500000	      0.00574567	      0.01383916	      0.02598820
      2.91000000	      0.00578235	      0.01388326	      0.02556983
      2.91500000	      0.00581092	      0.01391752	      0.02524821
      2.92000000	      0.00582641	      0.01393606	      0.02492508
      2.92500000	      0.00572659	      0.01381617	      0.02505687
      2.93000000	      0.00574089	      0.01383340	      0.02491254
      2.93500000	      0.00573841	      0.01383041	      0.02485008
      2.94000000	      0.00564937	      0.01372269	      0.02487859
      2.94500000	      0.00566604	      0.01374292	      0.02499730
      2.95000000	      0.00565933	      0.01373478	      0.02478140
      2.95500000	      0.00554078	      0.01359017	      0.02372060
      2.96000000	      0.00546748	      0.01349997	      0.02291402
      2.96500000	      0.00540171	      0.01341853	      0.02285331
      2.97000000	      0.00531643	      0.01331219	      0.02257150
      2.97500000	      0.00526829	      0.01325179	      0.02270836
      2.98000000	      0.00522993	      0.01320344	      0.02273973
      2.98500000	      0.00518602	      0.01314790	      0.02274848
      2.99000000	      0.00512340	      0.01306828	      0.02254449
      2.99500000	      0.00507823	      0.01301054	      0.02234814
      3.00000000	      0.00507089	      0.01300114	      0.02201706
      3.00500000	      0.00508477	      0.01301893	      0.02259511
      3.01000000	      0.00512461	      0.01306982	      0.02224002
      3.01500000	      0.00517472	      0.01313357	      0.02306511
      3.02000000	      0.00519065	      0.01315377	      0.02379445
      3.02500000	      0.00520286	      0.01316923	      0.02410492
      3.03000000	      0.00514960	      0.01310166	      0.02331316
      3.03500000	      0.00511101	      0.01305247	      0.02261139
      3.04000000	      0.00505434	      0.01297990	      0.02264662
      3.04500000	      0.00498940	      0.01289626	      0.02245413
      3.05000000	      0.00496606	      0.01286605	      0.02260258
      3.05500000	      0.00496780	      0.01286831	      0.02275419
      3.06000000	      0.00497779	      0.01288124	      0.02282389
      3.06500000	      0.00497459	      0.01287710	      0.02175900
      3.07000000	      0.00500401	      0.01291511	      0.02181051
      3.07500000	      0.00503324	      0.01295279	      0.02178199
      3.08000000	      0.00506642	      0.01299540	      0.02171931
      3.08500000	      0.00510065	      0.01303923	      0.02162408
      3.09000000	      0.00515128	      0.01310379	      0.02134057
      3.09500000	      0.00518890	      0.01315155	      0.02148460
      3.10000000	      0.00526442	      0.01324691	      0.02139700
      3.10500000	      0.00534609	      0.01334927	      0.02127831
      3.11000000	      0.00543494	      0.01345974	      0.02144255
      3.11500000	      0.00554931	      0.01360063	      0.02140806
      3.12000000	      0.00567474	      0.01375347	      0.02141185
      3.12500000	      0.00581347	      0.01392057	      0.02161338
      3.13000000	      0.00596872	      0.01410522	      0.02231419
      3.13500000	      0.00613775	      0.01430355	      0.02293720
      3.14000000	      0.00631790	      0.01451195	      0.02313531
      3.14500000	      0.00647777	      0.01469441	      0.02340784
      3.15000000	      0.00667200	      0.01491308	      0.02413279
      3.15500000	      0.00686366	      0.01512576	      0.02416746
      3.16000000	      0.00700682	      0.01528269	      0.02510051
      3.16500000	      0.00716067	      0.01544956	      0.02522558
      3.17000000	      0.00738930	      0.01569427	      0.02552561
      3.17500000	      0.00739106	      0.01569613	      0.02567975
      3.18000000	      0.00750384	      0.01581544	      0.02548003
      3.18500000	      0.00748829	      0.01579904	      0.02502784
      3.19000000	      0.00747290	      0.01578280	      0.02449615
      3.19500000	      0.00747604	      0.01578611	      0.02464377
      3.20000000	      0.00741744	      0.01572412	      0.02432351
      3.20500000	      0.00730094	      0.01560015	      0.02446543
      3.21000000	      0.00723481	      0.01552934	      0.02426219
      3.21500000	      0.00713124	      0.01541779	      0.02388134
      3.22000000	      0.00692328	      0.01519131	      0.02378354
      3.22500000	      0.00677950	      0.01503274	      0.02355916
      3.23000000	      0.00662034	      0.01485524	      0.02388501
      3.23500000	      0.00644754	      0.01466008	      0.02336159
      3.24000000	      0.00631961	      0.01451392	      0.02322944
      3.24500000	      0.00617018	      0.01434130	      0.02292600
      3.25000000	      0.00612708	      0.01429111	      0.02288620
      3.25500000	      0.00611118	      0.01427256	      0.02323224
      3.26000000	      0.00617475	      0.01434661	      0.02296162
      3.26500000	      0.00629427	      0.01448478	      0.02318504
      3.27000000	      0.00645260	      0.01466583	      0.02343542
      3.27500000	      0.00662120	      0.01485620	      0.02393983
      3.28000000	      0.00677159	      0.01502397	      0.02486789
      3.28500000	      0.00689500	      0.01516025	      0.02572033
      3.29000000	      0.00690355	      0.01516965	      0.02566321
      3.29500000	      0.00690053	      0.01516633	      0.02617160
      3.30000000	      0.00683107	      0.01508981	      0.02627005
