Model Marker Errors from IK
version=1
nRows=1054
nColumns=4
inDegrees=no
endheader
time	total_squared_error	marker_error_RMS	marker_error_max
      0.00000000	      0.00694453	      0.01521461	      0.02342427
      0.00500000	      0.00684350	      0.01510354	      0.02386060
      0.01000000	      0.00691848	      0.01518605	      0.02365956
      0.01500000	      0.00697711	      0.01525025	      0.02363703
      0.02000000	      0.00704490	      0.01532417	      0.02350659
      0.02500000	      0.00706246	      0.01534325	      0.02341266
      0.03000000	      0.00704595	      0.01532530	      0.02336671
      0.03500000	      0.00703059	      0.01530859	      0.02350737
      0.04000000	      0.00692107	      0.01518888	      0.02374574
      0.04500000	      0.00683193	      0.01509076	      0.02384407
      0.05000000	      0.00674012	      0.01498902	      0.02403869
      0.05500000	      0.00666569	      0.01490603	      0.02423865
      0.06000000	      0.00663346	      0.01486994	      0.02431934
      0.06500000	      0.00661876	      0.01485346	      0.02442675
      0.07000000	      0.00662166	      0.01485672	      0.02462163
      0.07500000	      0.00665766	      0.01489704	      0.02478862
      0.08000000	      0.00675020	      0.01500022	      0.02497057
      0.08500000	      0.00674469	      0.01499409	      0.02539017
      0.09000000	      0.00677936	      0.01503259	      0.02538908
      0.09500000	      0.00683006	      0.01508869	      0.02562607
      0.10000000	      0.00679747	      0.01505265	      0.02587486
      0.10500000	      0.00683695	      0.01509631	      0.02596877
      0.11000000	      0.00683768	      0.01509711	      0.02608794
      0.11500000	      0.00675649	      0.01500721	      0.02597738
      0.12000000	      0.00677738	      0.01503040	      0.02604735
      0.12500000	      0.00673729	      0.01498587	      0.02604241
      0.13000000	      0.00675966	      0.01501073	      0.02609170
      0.13500000	      0.00676398	      0.01501553	      0.02609188
      0.14000000	      0.00669032	      0.01493354	      0.02607935
      0.14500000	      0.00670747	      0.01495267	      0.02609029
      0.15000000	      0.00670341	      0.01494814	      0.02607271
      0.15500000	      0.00662710	      0.01486281	      0.02608178
      0.16000000	      0.00664427	      0.01488206	      0.02607467
      0.16500000	      0.00664666	      0.01488473	      0.02606262
      0.17000000	      0.00658887	      0.01481988	      0.02608564
      0.17500000	      0.00660894	      0.01484244	      0.02609580
      0.18000000	      0.00661017	      0.01484382	      0.02608813
      0.18500000	      0.00660335	      0.01483616	      0.02607541
      0.19000000	      0.00659556	      0.01482741	      0.02605348
      0.19500000	      0.00658949	      0.01482058	      0.02605284
      0.20000000	      0.00658498	      0.01481551	      0.02606751
      0.20500000	      0.00658429	      0.01481474	      0.02606442
      0.21000000	      0.00660103	      0.01483356	      0.02617768
      0.21500000	      0.00659957	      0.01483191	      0.02615409
      0.22000000	      0.00660549	      0.01483856	      0.02616200
      0.22500000	      0.00661932	      0.01485409	      0.02616269
      0.23000000	      0.00663580	      0.01487257	      0.02615887
      0.23500000	      0.00664950	      0.01488791	      0.02613284
      0.24000000	      0.00666283	      0.01490283	      0.02608622
      0.24500000	      0.00664330	      0.01488097	      0.02597976
      0.25000000	      0.00669262	      0.01493610	      0.02607239
      0.25500000	      0.00664258	      0.01488016	      0.02588392
      0.26000000	      0.00665744	      0.01489680	      0.02581854
      0.26500000	      0.00654967	      0.01477574	      0.02552559
      0.27000000	      0.00653568	      0.01475995	      0.02552727
      0.27500000	      0.00651793	      0.01473989	      0.02549651
      0.28000000	      0.00649602	      0.01471509	      0.02543578
      0.28500000	      0.00643010	      0.01464024	      0.02528959
      0.29000000	      0.00641384	      0.01462172	      0.02520814
      0.29500000	      0.00640989	      0.01461722	      0.02511934
      0.30000000	      0.00641439	      0.01462235	      0.02502145
      0.30500000	      0.00643810	      0.01464935	      0.02493546
      0.31000000	      0.00644420	      0.01465628	      0.02477006
      0.31500000	      0.00648844	      0.01470651	      0.02479506
      0.32000000	      0.00655885	      0.01478608	      0.02467047
      0.32500000	      0.00654873	      0.01477467	      0.02454436
      0.33000000	      0.00658482	      0.01481533	      0.02443296
      0.33500000	      0.00658921	      0.01482026	      0.02439286
      0.34000000	      0.00655980	      0.01478716	      0.02430569
      0.34500000	      0.00648895	      0.01470708	      0.02422470
      0.35000000	      0.00639342	      0.01459843	      0.02413830
      0.35500000	      0.00620523	      0.01438197	      0.02393587
      0.36000000	      0.00607798	      0.01423374	      0.02383033
      0.36500000	      0.00596275	      0.01409816	      0.02368258
      0.37000000	      0.00586715	      0.01398469	      0.02341692
      0.37500000	      0.00570262	      0.01378722	      0.02323706
      0.38000000	      0.00562261	      0.01369016	      0.02298360
      0.38500000	      0.00552615	      0.01357221	      0.02272328
      0.39000000	      0.00547982	      0.01351520	      0.02255885
      0.39500000	      0.00539672	      0.01341233	      0.02228747
      0.40000000	      0.00534631	      0.01334954	      0.02224321
      0.40500000	      0.00534802	      0.01335168	      0.02212989
      0.41000000	      0.00536865	      0.01337741	      0.02211499
      0.41500000	      0.00535665	      0.01336245	      0.02195767
      0.42000000	      0.00537784	      0.01338885	      0.02204197
      0.42500000	      0.00539063	      0.01340476	      0.02200782
      0.43000000	      0.00540126	      0.01341797	      0.02212443
      0.43500000	      0.00537271	      0.01338246	      0.02218758
      0.44000000	      0.00537270	      0.01338245	      0.02225566
      0.44500000	      0.00536099	      0.01336785	      0.02235823
      0.45000000	      0.00536027	      0.01336696	      0.02241594
      0.45500000	      0.00534734	      0.01335083	      0.02253030
      0.46000000	      0.00535254	      0.01335731	      0.02256111
      0.46500000	      0.00530021	      0.01329187	      0.02254182
      0.47000000	      0.00530978	      0.01330385	      0.02263047
      0.47500000	      0.00530071	      0.01329249	      0.02280377
      0.48000000	      0.00530396	      0.01329656	      0.02293528
      0.48500000	      0.00530959	      0.01330362	      0.02306126
      0.49000000	      0.00530832	      0.01330202	      0.02318982
      0.49500000	      0.00532294	      0.01332034	      0.02328239
      0.50000000	      0.00531158	      0.01330611	      0.02340445
      0.50500000	      0.00531550	      0.01331102	      0.02352471
      0.51000000	      0.00532764	      0.01332621	      0.02359043
      0.51500000	      0.00531977	      0.01331637	      0.02374664
      0.52000000	      0.00533307	      0.01333300	      0.02378165
      0.52500000	      0.00533545	      0.01333598	      0.02394253
      0.53000000	      0.00531693	      0.01331281	      0.02405728
      0.53500000	      0.00533341	      0.01333343	      0.02409994
      0.54000000	      0.00534761	      0.01335116	      0.02412729
      0.54500000	      0.00536541	      0.01337336	      0.02421356
      0.55000000	      0.00539270	      0.01340733	      0.02425871
      0.55500000	      0.00539551	      0.01341083	      0.02429783
      0.56000000	      0.00544734	      0.01347509	      0.02442140
      0.56500000	      0.00547165	      0.01350513	      0.02428854
      0.57000000	      0.00550171	      0.01354217	      0.02436653
      0.57500000	      0.00556195	      0.01361610	      0.02445231
      0.58000000	      0.00558682	      0.01364651	      0.02441351
      0.58500000	      0.00560848	      0.01367294	      0.02441078
      0.59000000	      0.00563270	      0.01370244	      0.02443455
      0.59500000	      0.00565163	      0.01372544	      0.02444088
      0.60000000	      0.00568050	      0.01376045	      0.02437151
      0.60500000	      0.00566985	      0.01374755	      0.02443185
      0.61000000	      0.00566822	      0.01374557	      0.02442330
      0.61500000	      0.00566315	      0.01373941	      0.02431252
      0.62000000	      0.00567241	      0.01375065	      0.02439814
      0.62500000	      0.00567667	      0.01375582	      0.02442126
      0.63000000	      0.00569272	      0.01377524	      0.02439282
      0.63500000	      0.00569406	      0.01377687	      0.02445508
      0.64000000	      0.00570303	      0.01378771	      0.02451565
      0.64500000	      0.00573018	      0.01382050	      0.02451578
      0.65000000	      0.00574862	      0.01384272	      0.02460158
      0.65500000	      0.00577124	      0.01386992	      0.02468209
      0.66000000	      0.00580382	      0.01390902	      0.02475321
      0.66500000	      0.00587595	      0.01399517	      0.02479505
      0.67000000	      0.00592395	      0.01405222	      0.02488454
      0.67500000	      0.00601731	      0.01416252	      0.02493840
      0.68000000	      0.00608707	      0.01424437	      0.02504713
      0.68500000	      0.00616757	      0.01433826	      0.02506952
      0.69000000	      0.00624925	      0.01443289	      0.02516134
      0.69500000	      0.00639544	      0.01460073	      0.02521084
      0.70000000	      0.00649192	      0.01471045	      0.02526267
      0.70500000	      0.00662551	      0.01486104	      0.02522493
      0.71000000	      0.00670876	      0.01495411	      0.02525321
      0.71500000	      0.00677618	      0.01502906	      0.02503723
      0.72000000	      0.00687127	      0.01513415	      0.02497865
      0.72500000	      0.00686538	      0.01512765	      0.02491591
      0.73000000	      0.00690898	      0.01517562	      0.02482384
      0.73500000	      0.00694018	      0.01520984	      0.02477284
      0.74000000	      0.00692446	      0.01519261	      0.02471229
      0.74500000	      0.00687527	      0.01513854	      0.02458781
      0.75000000	      0.00672456	      0.01497170	      0.02436064
      0.75500000	      0.00664220	      0.01487974	      0.02419359
      0.76000000	      0.00653977	      0.01476456	      0.02399030
      0.76500000	      0.00642698	      0.01463669	      0.02380261
      0.77000000	      0.00631233	      0.01450555	      0.02362164
      0.77500000	      0.00621329	      0.01439131	      0.02350092
      0.78000000	      0.00614179	      0.01430826	      0.02345401
      0.78500000	      0.00606830	      0.01422240	      0.02362121
      0.79000000	      0.00608291	      0.01423951	      0.02356485
      0.79500000	      0.00612631	      0.01429022	      0.02369924
      0.80000000	      0.00615793	      0.01432705	      0.02431413
      0.80500000	      0.00623337	      0.01441454	      0.02416464
      0.81000000	      0.00625530	      0.01443988	      0.02464783
      0.81500000	      0.00625852	      0.01444360	      0.02482363
      0.82000000	      0.00625104	      0.01443495	      0.02465583
      0.82500000	      0.00620620	      0.01438309	      0.02447284
      0.83000000	      0.00611448	      0.01427641	      0.02449148
      0.83500000	      0.00600056	      0.01414280	      0.02441772
      0.84000000	      0.00589295	      0.01401541	      0.02433663
      0.84500000	      0.00580033	      0.01390484	      0.02432239
      0.85000000	      0.00573157	      0.01382217	      0.02410858
      0.85500000	      0.00567892	      0.01375854	      0.02401960
      0.86000000	      0.00566911	      0.01374665	      0.02386586
      0.86500000	      0.00568442	      0.01376520	      0.02374585
      0.87000000	      0.00566456	      0.01374113	      0.02361818
      0.87500000	      0.00572331	      0.01381220	      0.02347283
      0.88000000	      0.00579625	      0.01389993	      0.02331137
      0.88500000	      0.00587619	      0.01399546	      0.02322443
      0.89000000	      0.00594681	      0.01407931	      0.02305186
      0.89500000	      0.00593017	      0.01405960	      0.02308150
      0.90000000	      0.00598341	      0.01412257	      0.02313275
      0.90500000	      0.00603320	      0.01418121	      0.02299136
      0.91000000	      0.00606488	      0.01421839	      0.02303632
      0.91500000	      0.00603579	      0.01418425	      0.02310067
      0.92000000	      0.00606713	      0.01422103	      0.02322488
      0.92500000	      0.00607989	      0.01423598	      0.02336060
      0.93000000	      0.00605305	      0.01420452	      0.02338405
      0.93500000	      0.00604581	      0.01419602	      0.02352231
      0.94000000	      0.00605801	      0.01421033	      0.02367885
      0.94500000	      0.00607979	      0.01423585	      0.02383594
      0.95000000	      0.00599606	      0.01413750	      0.02371564
      0.95500000	      0.00599790	      0.01413966	      0.02377444
      0.96000000	      0.00599907	      0.01414104	      0.02374355
      0.96500000	      0.00600113	      0.01414346	      0.02370441
      0.97000000	      0.00603830	      0.01418720	      0.02369156
      0.97500000	      0.00604739	      0.01419788	      0.02354870
      0.98000000	      0.00610635	      0.01426692	      0.02349300
      0.98500000	      0.00614514	      0.01431217	      0.02335217
      0.99000000	      0.00615511	      0.01432377	      0.02324108
      0.99500000	      0.00619872	      0.01437442	      0.02312064
      1.00000000	      0.00621839	      0.01439721	      0.02316278
      1.00500000	      0.00624560	      0.01442868	      0.02331630
      1.01000000	      0.00626145	      0.01444697	      0.02346380
      1.01500000	      0.00627225	      0.01445942	      0.02360301
      1.02000000	      0.00626895	      0.01445562	      0.02401811
      1.02500000	      0.00631229	      0.01450551	      0.02400326
      1.03000000	      0.00629363	      0.01448405	      0.02413353
      1.03500000	      0.00631363	      0.01450704	      0.02423464
      1.04000000	      0.00634843	      0.01454697	      0.02441033
      1.04500000	      0.00638631	      0.01459031	      0.02445950
      1.05000000	      0.00641789	      0.01462634	      0.02472727
      1.05500000	      0.00646499	      0.01467990	      0.02480840
      1.06000000	      0.00649418	      0.01471301	      0.02468387
      1.06500000	      0.00654240	      0.01476753	      0.02477481
      1.07000000	      0.00656380	      0.01479167	      0.02466965
      1.07500000	      0.00660328	      0.01483609	      0.02466794
      1.08000000	      0.00662772	      0.01486351	      0.02453515
      1.08500000	      0.00664733	      0.01488549	      0.02458007
      1.09000000	      0.00666456	      0.01490476	      0.02458774
      1.09500000	      0.00668192	      0.01492417	      0.02460009
      1.10000000	      0.00669552	      0.01493935	      0.02458361
      1.10500000	      0.00671619	      0.01496239	      0.02456380
      1.11000000	      0.00673911	      0.01498789	      0.02453345
      1.11500000	      0.00676186	      0.01501317	      0.02444900
      1.12000000	      0.00680213	      0.01505781	      0.02419981
      1.12500000	      0.00682152	      0.01507925	      0.02416438
      1.13000000	      0.00684615	      0.01510645	      0.02403976
      1.13500000	      0.00686856	      0.01513116	      0.02388598
      1.14000000	      0.00688902	      0.01515367	      0.02387106
      1.14500000	      0.00690268	      0.01516870	      0.02388331
      1.15000000	      0.00691292	      0.01517994	      0.02386893
      1.15500000	      0.00691385	      0.01518096	      0.02402886
      1.16000000	      0.00691237	      0.01517934	      0.02390598
      1.16500000	      0.00691907	      0.01518669	      0.02391465
      1.17000000	      0.00689520	      0.01516048	      0.02385183
      1.17500000	      0.00687793	      0.01514148	      0.02387838
      1.18000000	      0.00686666	      0.01512906	      0.02380453
      1.18500000	      0.00682249	      0.01508033	      0.02391206
      1.19000000	      0.00677852	      0.01503165	      0.02388839
      1.19500000	      0.00676377	      0.01501529	      0.02380519
      1.20000000	      0.00673051	      0.01497833	      0.02360695
      1.20500000	      0.00667019	      0.01491105	      0.02356901
      1.21000000	      0.00661222	      0.01484612	      0.02334522
      1.21500000	      0.00654693	      0.01477264	      0.02341672
      1.22000000	      0.00649044	      0.01470877	      0.02313932
      1.22500000	      0.00646091	      0.01467527	      0.02292738
      1.23000000	      0.00638602	      0.01458998	      0.02281662
      1.23500000	      0.00637454	      0.01457686	      0.02249787
      1.24000000	      0.00635043	      0.01454926	      0.02249909
      1.24500000	      0.00639197	      0.01459677	      0.02261022
      1.25000000	      0.00642243	      0.01463151	      0.02262794
      1.25500000	      0.00651315	      0.01473448	      0.02270156
      1.26000000	      0.00659066	      0.01482190	      0.02273266
      1.26500000	      0.00657559	      0.01480494	      0.02296891
      1.27000000	      0.00658680	      0.01481756	      0.02298222
      1.27500000	      0.00656027	      0.01478769	      0.02298403
      1.28000000	      0.00648037	      0.01469736	      0.02292307
      1.28500000	      0.00634347	      0.01454129	      0.02279166
      1.29000000	      0.00617708	      0.01434931	      0.02267358
      1.29500000	      0.00604211	      0.01419168	      0.02247965
      1.30000000	      0.00586821	      0.01398596	      0.02225701
      1.30500000	      0.00576360	      0.01386073	      0.02192611
      1.31000000	      0.00561886	      0.01368559	      0.02168998
      1.31500000	      0.00546744	      0.01349993	      0.02134648
      1.32000000	      0.00537642	      0.01338708	      0.02110211
      1.32500000	      0.00536960	      0.01337859	      0.02073212
      1.33000000	      0.00524978	      0.01322848	      0.02051413
      1.33500000	      0.00522959	      0.01320302	      0.02032965
      1.34000000	      0.00520857	      0.01317646	      0.02010285
      1.34500000	      0.00523086	      0.01320463	      0.01998740
      1.35000000	      0.00524965	      0.01322832	      0.01981215
      1.35500000	      0.00529178	      0.01328130	      0.01977738
      1.36000000	      0.00528081	      0.01326751	      0.01984359
      1.36500000	      0.00531140	      0.01330589	      0.01989973
      1.37000000	      0.00532132	      0.01331831	      0.01994052
      1.37500000	      0.00528876	      0.01327750	      0.02010260
      1.38000000	      0.00529240	      0.01328207	      0.02027107
      1.38500000	      0.00528514	      0.01327295	      0.02041395
      1.39000000	      0.00523916	      0.01321509	      0.02044830
      1.39500000	      0.00523850	      0.01321425	      0.02060289
      1.40000000	      0.00519238	      0.01315596	      0.02058244
      1.40500000	      0.00518683	      0.01314893	      0.02067325
      1.41000000	      0.00516201	      0.01311743	      0.02069769
      1.41500000	      0.00516809	      0.01312515	      0.02074286
      1.42000000	      0.00514504	      0.01309586	      0.02070616
      1.42500000	      0.00514587	      0.01309691	      0.02069290
      1.43000000	      0.00515518	      0.01310875	      0.02065543
      1.43500000	      0.00516620	      0.01312275	      0.02065148
      1.44000000	      0.00521309	      0.01318217	      0.02067448
      1.44500000	      0.00522078	      0.01319189	      0.02062861
      1.45000000	      0.00524873	      0.01322715	      0.02062920
      1.45500000	      0.00528064	      0.01326731	      0.02065703
      1.46000000	      0.00530222	      0.01329438	      0.02068849
      1.46500000	      0.00533807	      0.01333925	      0.02070978
      1.47000000	      0.00533511	      0.01333555	      0.02067877
      1.47500000	      0.00535934	      0.01336580	      0.02078715
      1.48000000	      0.00535044	      0.01335471	      0.02072203
      1.48500000	      0.00535829	      0.01336450	      0.02076468
      1.49000000	      0.00538062	      0.01339232	      0.02088747
      1.49500000	      0.00538186	      0.01339385	      0.02087303
      1.50000000	      0.00541667	      0.01343710	      0.02108287
      1.50500000	      0.00541374	      0.01343346	      0.02101373
      1.51000000	      0.00545690	      0.01348691	      0.02118253
      1.51500000	      0.00547166	      0.01350514	      0.02114159
      1.52000000	      0.00552961	      0.01357646	      0.02133849
      1.52500000	      0.00553562	      0.01358384	      0.02133811
      1.53000000	      0.00559340	      0.01365455	      0.02141847
      1.53500000	      0.00561319	      0.01367868	      0.02138418
      1.54000000	      0.00565298	      0.01372708	      0.02148901
      1.54500000	      0.00568616	      0.01376730	      0.02144472
      1.55000000	      0.00571651	      0.01380399	      0.02161667
      1.55500000	      0.00574494	      0.01383828	      0.02180602
      1.56000000	      0.00577327	      0.01387236	      0.02198334
      1.56500000	      0.00578795	      0.01388998	      0.02174682
      1.57000000	      0.00581803	      0.01392603	      0.02214533
      1.57500000	      0.00584751	      0.01396127	      0.02172177
      1.58000000	      0.00587461	      0.01399358	      0.02225751
      1.58500000	      0.00591402	      0.01404044	      0.02211689
      1.59000000	      0.00595448	      0.01408839	      0.02226709
      1.59500000	      0.00600237	      0.01414493	      0.02247842
      1.60000000	      0.00605816	      0.01421052	      0.02265648
      1.60500000	      0.00613933	      0.01430540	      0.02217822
      1.61000000	      0.00621234	      0.01439020	      0.02242147
      1.61500000	      0.00629077	      0.01448076	      0.02265815
      1.62000000	      0.00637938	      0.01458239	      0.02287345
      1.62500000	      0.00652013	      0.01474237	      0.02292903
      1.63000000	      0.00658994	      0.01482108	      0.02312250
      1.63500000	      0.00668512	      0.01492774	      0.02320174
      1.64000000	      0.00673985	      0.01498871	      0.02332530
      1.64500000	      0.00678059	      0.01503395	      0.02377943
      1.65000000	      0.00680322	      0.01505902	      0.02358941
      1.65500000	      0.00681276	      0.01506957	      0.02386492
      1.66000000	      0.00680908	      0.01506550	      0.02397779
      1.66500000	      0.00682452	      0.01508258	      0.02342025
      1.67000000	      0.00677431	      0.01502698	      0.02390185
      1.67500000	      0.00675173	      0.01500192	      0.02374850
      1.68000000	      0.00671126	      0.01495689	      0.02344534
      1.68500000	      0.00656212	      0.01478977	      0.02450722
      1.69000000	      0.00650504	      0.01472530	      0.02386069
      1.69500000	      0.00640651	      0.01461336	      0.02399166
      1.70000000	      0.00632342	      0.01451829	      0.02346118
      1.70500000	      0.00624684	      0.01443011	      0.02315024
      1.71000000	      0.00615305	      0.01432138	      0.02309700
      1.71500000	      0.00609202	      0.01425017	      0.02308870
      1.72000000	      0.00601270	      0.01415710	      0.02408659
      1.72500000	      0.00601997	      0.01416565	      0.02371762
      1.73000000	      0.00605369	      0.01420527	      0.02376761
      1.73500000	      0.00606377	      0.01421710	      0.02400168
      1.74000000	      0.00609726	      0.01425630	      0.02446169
      1.74500000	      0.00616414	      0.01433427	      0.02425307
      1.75000000	      0.00618722	      0.01436109	      0.02447239
      1.75500000	      0.00621321	      0.01439121	      0.02433288
      1.76000000	      0.00619935	      0.01437516	      0.02376352
      1.76500000	      0.00616321	      0.01433319	      0.02331493
      1.77000000	      0.00610952	      0.01427062	      0.02323489
      1.77500000	      0.00605417	      0.01420584	      0.02326520
      1.78000000	      0.00598127	      0.01412004	      0.02314210
      1.78500000	      0.00591819	      0.01404539	      0.02323276
      1.79000000	      0.00585360	      0.01396854	      0.02307931
      1.79500000	      0.00582170	      0.01393042	      0.02304085
      1.80000000	      0.00581111	      0.01391775	      0.02304742
      1.80500000	      0.00581376	      0.01392092	      0.02297695
      1.81000000	      0.00584661	      0.01396019	      0.02297139
      1.81500000	      0.00590013	      0.01402395	      0.02296807
      1.82000000	      0.00595429	      0.01408817	      0.02296579
      1.82500000	      0.00601659	      0.01416167	      0.02305427
      1.83000000	      0.00607729	      0.01423293	      0.02311626
      1.83500000	      0.00606644	      0.01422022	      0.02326158
      1.84000000	      0.00611863	      0.01428126	      0.02335127
      1.84500000	      0.00616939	      0.01434038	      0.02352705
      1.85000000	      0.00619169	      0.01436626	      0.02354136
      1.85500000	      0.00622962	      0.01441021	      0.02379027
      1.86000000	      0.00625984	      0.01444511	      0.02398656
      1.86500000	      0.00621772	      0.01439643	      0.02412999
      1.87000000	      0.00623824	      0.01442017	      0.02431332
      1.87500000	      0.00624866	      0.01443221	      0.02453002
      1.88000000	      0.00625785	      0.01444282	      0.02471766
      1.88500000	      0.00626633	      0.01445260	      0.02487323
      1.89000000	      0.00624069	      0.01442300	      0.02490134
      1.89500000	      0.00626040	      0.01444576	      0.02500002
      1.90000000	      0.00626617	      0.01445241	      0.02504313
      1.90500000	      0.00630734	      0.01449981	      0.02518150
      1.91000000	      0.00634084	      0.01453827	      0.02522423
      1.91500000	      0.00635522	      0.01455474	      0.02516711
      1.92000000	      0.00638528	      0.01458913	      0.02517121
      1.92500000	      0.00644893	      0.01466166	      0.02521535
      1.93000000	      0.00649202	      0.01471056	      0.02520975
      1.93500000	      0.00651409	      0.01473555	      0.02518158
      1.94000000	      0.00655186	      0.01477820	      0.02523877
      1.94500000	      0.00658001	      0.01480992	      0.02520760
      1.95000000	      0.00657066	      0.01479939	      0.02525230
      1.95500000	      0.00660267	      0.01483539	      0.02526055
      1.96000000	      0.00660687	      0.01484011	      0.02530609
      1.96500000	      0.00666561	      0.01490594	      0.02541322
      1.97000000	      0.00666711	      0.01490761	      0.02527897
      1.97500000	      0.00666771	      0.01490828	      0.02536251
      1.98000000	      0.00671595	      0.01496212	      0.02536954
      1.98500000	      0.00673183	      0.01497980	      0.02543946
      1.99000000	      0.00679536	      0.01505032	      0.02549966
      1.99500000	      0.00678926	      0.01504356	      0.02542459
      2.00000000	      0.00683850	      0.01509802	      0.02553980
      2.00500000	      0.00684623	      0.01510655	      0.02545583
      2.01000000	      0.00688980	      0.01515454	      0.02557489
      2.01500000	      0.00689490	      0.01516015	      0.02564783
      2.02000000	      0.00692367	      0.01519175	      0.02569983
      2.02500000	      0.00694788	      0.01521827	      0.02572675
      2.03000000	      0.00696782	      0.01524010	      0.02578475
      2.03500000	      0.00698306	      0.01525676	      0.02576855
      2.04000000	      0.00699707	      0.01527205	      0.02582183
      2.04500000	      0.00701123	      0.01528750	      0.02581607
      2.05000000	      0.00702987	      0.01530781	      0.02583968
      2.05500000	      0.00704883	      0.01532844	      0.02578788
      2.06000000	      0.00699571	      0.01527057	      0.02586178
      2.06500000	      0.00704055	      0.01531943	      0.02576849
      2.07000000	      0.00705313	      0.01533311	      0.02565320
      2.07500000	      0.00708019	      0.01536250	      0.02551084
      2.08000000	      0.00707677	      0.01535879	      0.02539970
      2.08500000	      0.00711000	      0.01539481	      0.02521538
      2.09000000	      0.00713111	      0.01541765	      0.02501502
      2.09500000	      0.00710809	      0.01539274	      0.02475391
      2.10000000	      0.00711419	      0.01539934	      0.02452079
      2.10500000	      0.00711020	      0.01539502	      0.02428898
      2.11000000	      0.00710451	      0.01538886	      0.02413409
      2.11500000	      0.00705603	      0.01533626	      0.02438297
      2.12000000	      0.00702962	      0.01530754	      0.02423362
      2.12500000	      0.00699347	      0.01526813	      0.02414518
      2.13000000	      0.00697795	      0.01525118	      0.02393924
      2.13500000	      0.00688509	      0.01514935	      0.02402357
      2.14000000	      0.00684468	      0.01510483	      0.02374986
      2.14500000	      0.00671701	      0.01496330	      0.02373403
      2.15000000	      0.00663605	      0.01487285	      0.02362927
      2.15500000	      0.00656043	      0.01478787	      0.02351615
      2.16000000	      0.00649025	      0.01470856	      0.02339203
      2.16500000	      0.00643220	      0.01464263	      0.02325779
      2.17000000	      0.00639531	      0.01460058	      0.02308561
      2.17500000	      0.00638289	      0.01458640	      0.02289049
      2.18000000	      0.00634069	      0.01453810	      0.02305137
      2.18500000	      0.00634085	      0.01453828	      0.02296072
      2.19000000	      0.00636049	      0.01456078	      0.02253217
      2.19500000	      0.00635303	      0.01455224	      0.02250748
      2.20000000	      0.00631514	      0.01450878	      0.02203209
      2.20500000	      0.00627160	      0.01445868	      0.02184446
      2.21000000	      0.00621363	      0.01439170	      0.02177620
      2.21500000	      0.00613848	      0.01430440	      0.02169908
      2.22000000	      0.00602558	      0.01417225	      0.02153640
      2.22500000	      0.00591184	      0.01403785	      0.02150847
      2.23000000	      0.00582684	      0.01393656	      0.02136659
      2.23500000	      0.00570944	      0.01379546	      0.02129852
      2.24000000	      0.00560575	      0.01366962	      0.02115883
      2.24500000	      0.00553906	      0.01358806	      0.02104771
      2.25000000	      0.00530493	      0.01329778	      0.02107494
      2.25500000	      0.00525458	      0.01323453	      0.02095066
      2.26000000	      0.00521908	      0.01318975	      0.02085099
      2.26500000	      0.00517717	      0.01313668	      0.02087091
      2.27000000	      0.00518266	      0.01314364	      0.02069087
      2.27500000	      0.00518865	      0.01315124	      0.02080507
      2.28000000	      0.00519941	      0.01316486	      0.02075459
      2.28500000	      0.00522955	      0.01320296	      0.02083083
      2.29000000	      0.00527622	      0.01326175	      0.02092345
      2.29500000	      0.00527248	      0.01325705	      0.02091304
      2.30000000	      0.00529792	      0.01328899	      0.02107182
      2.30500000	      0.00532204	      0.01331922	      0.02115358
      2.31000000	      0.00530143	      0.01329340	      0.02136492
      2.31500000	      0.00531041	      0.01330464	      0.02147656
      2.32000000	      0.00531105	      0.01330545	      0.02158132
      2.32500000	      0.00530750	      0.01330100	      0.02166613
      2.33000000	      0.00530808	      0.01330174	      0.02167783
      2.33500000	      0.00529057	      0.01327977	      0.02180527
      2.34000000	      0.00528668	      0.01327488	      0.02186353
      2.34500000	      0.00526545	      0.01324821	      0.02189166
      2.35000000	      0.00528563	      0.01327357	      0.02193121
      2.35500000	      0.00530512	      0.01329802	      0.02193325
      2.36000000	      0.00530200	      0.01329411	      0.02203650
      2.36500000	      0.00533955	      0.01334111	      0.02205747
      2.37000000	      0.00535510	      0.01336052	      0.02207314
      2.37500000	      0.00540513	      0.01342278	      0.02213715
      2.38000000	      0.00542679	      0.01344965	      0.02233134
      2.38500000	      0.00548043	      0.01351595	      0.02225950
      2.39000000	      0.00551174	      0.01355451	      0.02232788
      2.39500000	      0.00553270	      0.01358025	      0.02242489
      2.40000000	      0.00557190	      0.01362827	      0.02248826
      2.40500000	      0.00558321	      0.01364211	      0.02261736
      2.41000000	      0.00560738	      0.01367160	      0.02268126
      2.41500000	      0.00561202	      0.01367726	      0.02279937
      2.42000000	      0.00562862	      0.01369747	      0.02299030
      2.42500000	      0.00564319	      0.01371518	      0.02315549
      2.43000000	      0.00562579	      0.01369402	      0.02323831
      2.43500000	      0.00564478	      0.01371712	      0.02342600
      2.44000000	      0.00566388	      0.01374030	      0.02355252
      2.44500000	      0.00563737	      0.01370811	      0.02361210
      2.45000000	      0.00566022	      0.01373586	      0.02375763
      2.45500000	      0.00563477	      0.01370495	      0.02373092
      2.46000000	      0.00563553	      0.01370588	      0.02387286
      2.46500000	      0.00565898	      0.01373436	      0.02396968
      2.47000000	      0.00563427	      0.01370434	      0.02399831
      2.47500000	      0.00565744	      0.01373249	      0.02398644
      2.48000000	      0.00563287	      0.01370264	      0.02405159
      2.48500000	      0.00563930	      0.01371046	      0.02409009
      2.49000000	      0.00564597	      0.01371857	      0.02407695
      2.49500000	      0.00565539	      0.01373000	      0.02399656
      2.50000000	      0.00566442	      0.01374097	      0.02402259
      2.50500000	      0.00568111	      0.01376119	      0.02402036
      2.51000000	      0.00569641	      0.01377971	      0.02396334
      2.51500000	      0.00573007	      0.01382036	      0.02402972
      2.52000000	      0.00576938	      0.01386768	      0.02408698
      2.52500000	      0.00581186	      0.01391865	      0.02407533
      2.53000000	      0.00587145	      0.01398981	      0.02417890
      2.53500000	      0.00591510	      0.01404173	      0.02421933
      2.54000000	      0.00597638	      0.01411427	      0.02432107
      2.54500000	      0.00604303	      0.01419276	      0.02442148
      2.55000000	      0.00613708	      0.01430277	      0.02449579
      2.55500000	      0.00622365	      0.01440329	      0.02453065
      2.56000000	      0.00629898	      0.01449020	      0.02462022
      2.56500000	      0.00637191	      0.01457384	      0.02454112
      2.57000000	      0.00644103	      0.01465268	      0.02463280
      2.57500000	      0.00652839	      0.01475171	      0.02470061
      2.58000000	      0.00659067	      0.01482191	      0.02475278
      2.58500000	      0.00665865	      0.01489816	      0.02475232
      2.59000000	      0.00669256	      0.01493604	      0.02481840
      2.59500000	      0.00671656	      0.01496280	      0.02484627
      2.60000000	      0.00678116	      0.01503459	      0.02493700
      2.60500000	      0.00679839	      0.01505367	      0.02495274
      2.61000000	      0.00670078	      0.01494521	      0.02490225
      2.61500000	      0.00668700	      0.01492984	      0.02490051
      2.62000000	      0.00668283	      0.01492518	      0.02494844
      2.62500000	      0.00660087	      0.01483338	      0.02481000
      2.63000000	      0.00654999	      0.01477609	      0.02477712
      2.63500000	      0.00647722	      0.01469379	      0.02473572
      2.64000000	      0.00639590	      0.01460126	      0.02461886
      2.64500000	      0.00631363	      0.01450704	      0.02451105
      2.65000000	      0.00622695	      0.01440712	      0.02440177
      2.65500000	      0.00616186	      0.01433162	      0.02429177
      2.66000000	      0.00611181	      0.01427329	      0.02423105
      2.66500000	      0.00607854	      0.01423439	      0.02419701
      2.67000000	      0.00607701	      0.01423260	      0.02421361
      2.67500000	      0.00608584	      0.01424294	      0.02423209
      2.68000000	      0.00609499	      0.01425365	      0.02428439
      2.68500000	      0.00610405	      0.01426423	      0.02445188
      2.69000000	      0.00610905	      0.01427007	      0.02449580
      2.69500000	      0.00611438	      0.01427629	      0.02454273
      2.70000000	      0.00610878	      0.01426976	      0.02458403
      2.70500000	      0.00608031	      0.01423647	      0.02455022
      2.71000000	      0.00603312	      0.01418112	      0.02462198
      2.71500000	      0.00598016	      0.01411873	      0.02457924
      2.72000000	      0.00592141	      0.01404922	      0.02470481
      2.72500000	      0.00582077	      0.01392931	      0.02477697
      2.73000000	      0.00579087	      0.01389349	      0.02476673
      2.73500000	      0.00573922	      0.01383139	      0.02481701
      2.74000000	      0.00572249	      0.01381121	      0.02490750
      2.74500000	      0.00576094	      0.01385754	      0.02487760
      2.75000000	      0.00579580	      0.01389940	      0.02492613
      2.75500000	      0.00585128	      0.01396576	      0.02503197
      2.76000000	      0.00590275	      0.01402705	      0.02520795
      2.76500000	      0.00597850	      0.01411678	      0.02538427
      2.77000000	      0.00603579	      0.01418426	      0.02557229
      2.77500000	      0.00610973	      0.01427087	      0.02585172
      2.78000000	      0.00619582	      0.01437106	      0.02593548
      2.78500000	      0.00626974	      0.01445653	      0.02618416
      2.79000000	      0.00634353	      0.01454136	      0.02630096
      2.79500000	      0.00639386	      0.01459893	      0.02648314
      2.80000000	      0.00635791	      0.01455782	      0.02660712
      2.80500000	      0.00639377	      0.01459882	      0.02672196
      2.81000000	      0.00641045	      0.01461785	      0.02677873
      2.81500000	      0.00642840	      0.01463830	      0.02687234
      2.82000000	      0.00639482	      0.01460002	      0.02688370
      2.82500000	      0.00641813	      0.01462661	      0.02694038
      2.83000000	      0.00635465	      0.01455409	      0.02686651
      2.83500000	      0.00638266	      0.01458613	      0.02691563
      2.84000000	      0.00629589	      0.01448664	      0.02673437
      2.84500000	      0.00630041	      0.01449184	      0.02661299
      2.85000000	      0.00630190	      0.01449357	      0.02647547
      2.85500000	      0.00634241	      0.01454007	      0.02635391
      2.86000000	      0.00636483	      0.01456575	      0.02621997
      2.86500000	      0.00635930	      0.01455942	      0.02603449
      2.87000000	      0.00635414	      0.01455351	      0.02589891
      2.87500000	      0.00634815	      0.01454665	      0.02586350
      2.88000000	      0.00638210	      0.01458549	      0.02574012
      2.88500000	      0.00637665	      0.01457926	      0.02564279
      2.89000000	      0.00637346	      0.01457561	      0.02557181
      2.89500000	      0.00636948	      0.01457107	      0.02555809
      2.90000000	      0.00636030	      0.01456056	      0.02553651
      2.90500000	      0.00636632	      0.01456745	      0.02553781
      2.91000000	      0.00635016	      0.01454896	      0.02554511
      2.91500000	      0.00635256	      0.01455170	      0.02556289
      2.92000000	      0.00637469	      0.01457703	      0.02559272
      2.92500000	      0.00638155	      0.01458487	      0.02563914
      2.93000000	      0.00638329	      0.01458685	      0.02563664
      2.93500000	      0.00638457	      0.01458831	      0.02573821
      2.94000000	      0.00640621	      0.01461301	      0.02575796
      2.94500000	      0.00642902	      0.01463901	      0.02580690
      2.95000000	      0.00644808	      0.01466069	      0.02586144
      2.95500000	      0.00644914	      0.01466190	      0.02584994
      2.96000000	      0.00647461	      0.01469082	      0.02594830
      2.96500000	      0.00649139	      0.01470985	      0.02598725
      2.97000000	      0.00650693	      0.01472745	      0.02603709
      2.97500000	      0.00652400	      0.01474675	      0.02608234
      2.98000000	      0.00654167	      0.01476670	      0.02611226
      2.98500000	      0.00654954	      0.01477559	      0.02618410
      2.99000000	      0.00657033	      0.01479902	      0.02617849
      2.99500000	      0.00659136	      0.01482269	      0.02615573
      3.00000000	      0.00661303	      0.01484703	      0.02612354
      3.00500000	      0.00663391	      0.01487045	      0.02609991
      3.01000000	      0.00665398	      0.01489293	      0.02598387
      3.01500000	      0.00666891	      0.01490963	      0.02587097
      3.02000000	      0.00668184	      0.01492407	      0.02578736
      3.02500000	      0.00670609	      0.01495113	      0.02568493
      3.03000000	      0.00672483	      0.01497201	      0.02557105
      3.03500000	      0.00673292	      0.01498102	      0.02544353
      3.04000000	      0.00674471	      0.01499412	      0.02526038
      3.04500000	      0.00676533	      0.01501702	      0.02515198
      3.05000000	      0.00678768	      0.01504181	      0.02478658
      3.05500000	      0.00680782	      0.01506411	      0.02472082
      3.06000000	      0.00682266	      0.01508051	      0.02476671
      3.06500000	      0.00679162	      0.01504617	      0.02451922
      3.07000000	      0.00677754	      0.01503057	      0.02444805
      3.07500000	      0.00675585	      0.01500650	      0.02436169
      3.08000000	      0.00672721	      0.01497466	      0.02425269
      3.08500000	      0.00668138	      0.01492356	      0.02408622
      3.09000000	      0.00662280	      0.01485799	      0.02387924
      3.09500000	      0.00655360	      0.01478016	      0.02361921
      3.10000000	      0.00648056	      0.01469757	      0.02329793
      3.10500000	      0.00640731	      0.01461427	      0.02298304
      3.11000000	      0.00633806	      0.01453508	      0.02268355
      3.11500000	      0.00627240	      0.01445960	      0.02236399
      3.12000000	      0.00620678	      0.01438376	      0.02232607
      3.12500000	      0.00615446	      0.01432302	      0.02218727
      3.13000000	      0.00611995	      0.01428279	      0.02220766
      3.13500000	      0.00611710	      0.01427947	      0.02200521
      3.14000000	      0.00614807	      0.01431558	      0.02176797
      3.14500000	      0.00616639	      0.01433688	      0.02175841
      3.15000000	      0.00622466	      0.01440446	      0.02152355
      3.15500000	      0.00622125	      0.01440052	      0.02152232
      3.16000000	      0.00624958	      0.01443327	      0.02125350
      3.16500000	      0.00625322	      0.01443747	      0.02122910
      3.17000000	      0.00613952	      0.01430561	      0.02128095
      3.17500000	      0.00606405	      0.01421742	      0.02141994
      3.18000000	      0.00595240	      0.01408593	      0.02152306
      3.18500000	      0.00574273	      0.01383562	      0.02146709
      3.19000000	      0.00563682	      0.01370745	      0.02137799
      3.19500000	      0.00553724	      0.01358583	      0.02135089
      3.20000000	      0.00546035	      0.01349117	      0.02123927
      3.20500000	      0.00539868	      0.01341477	      0.02115752
      3.21000000	      0.00535276	      0.01335759	      0.02104146
      3.21500000	      0.00519559	      0.01316002	      0.02107055
      3.22000000	      0.00521072	      0.01317917	      0.02097545
      3.22500000	      0.00522337	      0.01319516	      0.02097096
      3.23000000	      0.00518218	      0.01314304	      0.02097215
      3.23500000	      0.00523250	      0.01320669	      0.02099613
      3.24000000	      0.00527090	      0.01325506	      0.02103205
      3.24500000	      0.00531831	      0.01331454	      0.02119103
      3.25000000	      0.00533069	      0.01333003	      0.02138313
      3.25500000	      0.00536537	      0.01337332	      0.02151494
      3.26000000	      0.00538276	      0.01339498	      0.02171915
      3.26500000	      0.00540570	      0.01342349	      0.02196348
      3.27000000	      0.00539203	      0.01340650	      0.02217741
      3.27500000	      0.00540753	      0.01342576	      0.02236092
      3.28000000	      0.00538794	      0.01340142	      0.02253451
      3.28500000	      0.00539911	      0.01341530	      0.02273682
      3.29000000	      0.00540919	      0.01342782	      0.02287635
      3.29500000	      0.00539648	      0.01341204	      0.02298862
      3.30000000	      0.00541325	      0.01343286	      0.02302270
      3.30500000	      0.00539708	      0.01341278	      0.02309298
      3.31000000	      0.00539035	      0.01340442	      0.02309564
      3.31500000	      0.00541554	      0.01343570	      0.02316298
      3.32000000	      0.00543716	      0.01346249	      0.02323428
      3.32500000	      0.00546319	      0.01349468	      0.02330889
      3.33000000	      0.00551257	      0.01355553	      0.02341104
      3.33500000	      0.00551137	      0.01355405	      0.02354586
      3.34000000	      0.00556363	      0.01361816	      0.02367894
      3.34500000	      0.00555127	      0.01360302	      0.02376010
      3.35000000	      0.00557627	      0.01363362	      0.02392974
      3.35500000	      0.00558815	      0.01364813	      0.02397205
      3.36000000	      0.00562696	      0.01369544	      0.02402544
      3.36500000	      0.00562027	      0.01368731	      0.02416223
      3.37000000	      0.00563191	      0.01370147	      0.02418403
      3.37500000	      0.00567685	      0.01375602	      0.02426496
      3.38000000	      0.00568116	      0.01376125	      0.02436199
      3.38500000	      0.00573605	      0.01382757	      0.02458023
      3.39000000	      0.00573603	      0.01382755	      0.02453018
      3.39500000	      0.00579246	      0.01389539	      0.02470781
      3.40000000	      0.00580899	      0.01391521	      0.02465461
      3.40500000	      0.00588373	      0.01400444	      0.02482890
      3.41000000	      0.00589613	      0.01401919	      0.02489507
      3.41500000	      0.00592925	      0.01405851	      0.02490679
      3.42000000	      0.00599639	      0.01413788	      0.02494542
      3.42500000	      0.00599488	      0.01413610	      0.02494121
      3.43000000	      0.00602345	      0.01416974	      0.02499458
      3.43500000	      0.00605006	      0.01420101	      0.02501067
      3.44000000	      0.00606546	      0.01421907	      0.02500573
      3.44500000	      0.00608309	      0.01423972	      0.02501341
      3.45000000	      0.00609064	      0.01424856	      0.02499130
      3.45500000	      0.00611898	      0.01428167	      0.02503684
      3.46000000	      0.00615821	      0.01432738	      0.02508429
      3.46500000	      0.00620672	      0.01438369	      0.02517458
      3.47000000	      0.00626547	      0.01445161	      0.02525165
      3.47500000	      0.00632956	      0.01452534	      0.02540768
      3.48000000	      0.00640868	      0.01461584	      0.02556172
      3.48500000	      0.00649476	      0.01471366	      0.02570983
      3.49000000	      0.00657199	      0.01480089	      0.02579557
      3.49500000	      0.00666147	      0.01490131	      0.02593200
      3.50000000	      0.00674646	      0.01499606	      0.02604505
      3.50500000	      0.00683167	      0.01509047	      0.02613598
      3.51000000	      0.00688494	      0.01514919	      0.02611528
      3.51500000	      0.00693371	      0.01520275	      0.02615167
      3.52000000	      0.00697875	      0.01525205	      0.02616172
      3.52500000	      0.00704166	      0.01532064	      0.02603105
      3.53000000	      0.00704939	      0.01532904	      0.02582443
      3.53500000	      0.00703495	      0.01531333	      0.02569682
      3.54000000	      0.00701590	      0.01529259	      0.02547498
      3.54500000	      0.00698946	      0.01526374	      0.02525395
      3.55000000	      0.00697124	      0.01524384	      0.02478703
      3.55500000	      0.00696052	      0.01523212	      0.02461236
      3.56000000	      0.00692282	      0.01519081	      0.02437426
      3.56500000	      0.00687031	      0.01513309	      0.02444440
      3.57000000	      0.00674251	      0.01499167	      0.02475998
      3.57500000	      0.00665580	      0.01489496	      0.02497320
      3.58000000	      0.00661837	      0.01485303	      0.02403608
      3.58500000	      0.00653777	      0.01476231	      0.02388918
      3.59000000	      0.00645538	      0.01466900	      0.02381536
      3.59500000	      0.00637564	      0.01457811	      0.02386208
      3.60000000	      0.00631577	      0.01450950	      0.02389886
      3.60500000	      0.00626717	      0.01445357	      0.02395465
      3.61000000	      0.00622953	      0.01441010	      0.02355864
      3.61500000	      0.00618827	      0.01436230	      0.02386882
      3.62000000	      0.00613681	      0.01430246	      0.02397001
      3.62500000	      0.00610701	      0.01426770	      0.02325243
      3.63000000	      0.00603293	      0.01418089	      0.02330045
      3.63500000	      0.00596225	      0.01409758	      0.02271673
      3.64000000	      0.00586386	      0.01398077	      0.02251740
      3.64500000	      0.00578727	      0.01388916	      0.02221248
      3.65000000	      0.00570455	      0.01378955	      0.02164551
      3.65500000	      0.00564431	      0.01371655	      0.02148624
      3.66000000	      0.00559389	      0.01365515	      0.02132969
      3.66500000	      0.00556855	      0.01362418	      0.02120315
      3.67000000	      0.00557070	      0.01362681	      0.02106156
      3.67500000	      0.00557005	      0.01362601	      0.02095031
      3.68000000	      0.00555137	      0.01360315	      0.02101724
      3.68500000	      0.00559836	      0.01366061	      0.02099489
      3.69000000	      0.00566450	      0.01374106	      0.02102704
      3.69500000	      0.00569063	      0.01377272	      0.02126112
      3.70000000	      0.00579436	      0.01389768	      0.02139175
      3.70500000	      0.00590364	      0.01402811	      0.02158666
      3.71000000	      0.00599987	      0.01414198	      0.02181354
      3.71500000	      0.00604820	      0.01419883	      0.02216333
      3.72000000	      0.00597926	      0.01411768	      0.02240232
      3.72500000	      0.00600472	      0.01414770	      0.02257992
      3.73000000	      0.00603067	      0.01417823	      0.02279609
      3.73500000	      0.00603075	      0.01417833	      0.02288310
      3.74000000	      0.00602710	      0.01417403	      0.02299838
      3.74500000	      0.00605073	      0.01420179	      0.02316959
      3.75000000	      0.00599529	      0.01413659	      0.02324502
      3.75500000	      0.00601187	      0.01415612	      0.02334942
      3.76000000	      0.00604464	      0.01419464	      0.02344193
      3.76500000	      0.00602257	      0.01416871	      0.02348461
      3.77000000	      0.00604048	      0.01418977	      0.02347925
      3.77500000	      0.00607834	      0.01423416	      0.02347815
      3.78000000	      0.00609786	      0.01425699	      0.02348756
      3.78500000	      0.00609910	      0.01425845	      0.02345830
      3.79000000	      0.00612376	      0.01428724	      0.02346300
      3.79500000	      0.00615384	      0.01432229	      0.02356947
      3.80000000	      0.00620663	      0.01438359	      0.02375363
      3.80500000	      0.00622202	      0.01440141	      0.02393150
      3.81000000	      0.00625710	      0.01444195	      0.02408292
      3.81500000	      0.00627083	      0.01445779	      0.02422840
      3.82000000	      0.00629558	      0.01448629	      0.02440104
      3.82500000	      0.00635120	      0.01455015	      0.02459546
      3.83000000	      0.00632498	      0.01452008	      0.02472278
      3.83500000	      0.00632247	      0.01451719	      0.02489416
      3.84000000	      0.00635990	      0.01456011	      0.02506131
      3.84500000	      0.00632310	      0.01451792	      0.02523101
      3.85000000	      0.00633006	      0.01452591	      0.02539488
      3.85500000	      0.00632967	      0.01452546	      0.02554862
      3.86000000	      0.00631823	      0.01451233	      0.02571750
      3.86500000	      0.00633615	      0.01453290	      0.02592706
      3.87000000	      0.00634049	      0.01453787	      0.02609473
      3.87500000	      0.00633937	      0.01453659	      0.02626838
      3.88000000	      0.00636116	      0.01456155	      0.02640105
      3.88500000	      0.00638146	      0.01458476	      0.02657371
      3.89000000	      0.00637180	      0.01457372	      0.02660189
      3.89500000	      0.00640375	      0.01461021	      0.02672145
      3.90000000	      0.00640782	      0.01461486	      0.02680264
      3.90500000	      0.00642512	      0.01463457	      0.02685753
      3.91000000	      0.00643718	      0.01464830	      0.02686982
      3.91500000	      0.00644971	      0.01466255	      0.02688466
      3.92000000	      0.00646174	      0.01467622	      0.02692244
      3.92500000	      0.00647929	      0.01469614	      0.02696118
      3.93000000	      0.00650293	      0.01472292	      0.02701654
      3.93500000	      0.00653101	      0.01475468	      0.02707659
      3.94000000	      0.00656623	      0.01479440	      0.02714619
      3.94500000	      0.00660787	      0.01484123	      0.02723378
      3.95000000	      0.00665393	      0.01489287	      0.02732756
      3.95500000	      0.00670058	      0.01494499	      0.02743611
      3.96000000	      0.00674519	      0.01499466	      0.02748470
      3.96500000	      0.00679585	      0.01505086	      0.02757012
      3.97000000	      0.00683517	      0.01509434	      0.02763663
      3.97500000	      0.00683443	      0.01509352	      0.02780379
      3.98000000	      0.00684370	      0.01510375	      0.02760764
      3.98500000	      0.00685820	      0.01511974	      0.02752794
      3.99000000	      0.00686452	      0.01512671	      0.02743283
      3.99500000	      0.00686325	      0.01512531	      0.02729967
      4.00000000	      0.00689024	      0.01515502	      0.02723538
      4.00500000	      0.00683860	      0.01509813	      0.02692154
      4.01000000	      0.00682371	      0.01508168	      0.02668467
      4.01500000	      0.00680942	      0.01506588	      0.02657028
      4.02000000	      0.00673756	      0.01498617	      0.02635872
      4.02500000	      0.00670107	      0.01494553	      0.02620038
      4.03000000	      0.00665238	      0.01489114	      0.02598883
      4.03500000	      0.00659044	      0.01482165	      0.02578892
      4.04000000	      0.00649690	      0.01471609	      0.02542243
      4.04500000	      0.00641285	      0.01462059	      0.02515092
      4.05000000	      0.00632903	      0.01452473	      0.02488369
      4.05500000	      0.00624581	      0.01442891	      0.02469520
      4.06000000	      0.00617838	      0.01435082	      0.02439383
      4.06500000	      0.00611113	      0.01427250	      0.02425616
      4.07000000	      0.00605945	      0.01421202	      0.02382479
      4.07500000	      0.00603330	      0.01418133	      0.02373828
      4.08000000	      0.00605202	      0.01420331	      0.02364013
      4.08500000	      0.00602683	      0.01417372	      0.02354809
      4.09000000	      0.00604049	      0.01418977	      0.02351082
      4.09500000	      0.00604664	      0.01419699	      0.02354371
      4.10000000	      0.00598360	      0.01412279	      0.02360544
      4.10500000	      0.00595139	      0.01408473	      0.02366607
      4.11000000	      0.00585722	      0.01397286	      0.02362381
      4.11500000	      0.00575751	      0.01385341	      0.02371729
      4.12000000	      0.00562297	      0.01369060	      0.02365796
      4.12500000	      0.00547659	      0.01351122	      0.02369713
      4.13000000	      0.00534676	      0.01335010	      0.02366769
      4.13500000	      0.00522205	      0.01319349	      0.02359951
      4.14000000	      0.00511817	      0.01306161	      0.02350433
      4.14500000	      0.00496566	      0.01286554	      0.02335115
      4.15000000	      0.00490734	      0.01278976	      0.02324356
      4.15500000	      0.00479964	      0.01264863	      0.02321841
      4.16000000	      0.00481499	      0.01266885	      0.02306545
      4.16500000	      0.00483858	      0.01269985	      0.02301995
      4.17000000	      0.00487060	      0.01274180	      0.02285873
      4.17500000	      0.00493128	      0.01282093	      0.02286454
      4.18000000	      0.00499071	      0.01289794	      0.02271160
      4.18500000	      0.00507095	      0.01300122	      0.02276139
      4.19000000	      0.00511514	      0.01305774	      0.02263731
      4.19500000	      0.00514683	      0.01309812	      0.02278243
      4.20000000	      0.00519608	      0.01316065	      0.02288883
      4.20500000	      0.00522473	      0.01319687	      0.02295549
      4.21000000	      0.00524490	      0.01322233	      0.02301347
      4.21500000	      0.00521154	      0.01318021	      0.02301364
      4.22000000	      0.00522336	      0.01319514	      0.02307531
      4.22500000	      0.00518376	      0.01314504	      0.02313085
      4.23000000	      0.00518888	      0.01315153	      0.02313052
      4.23500000	      0.00516641	      0.01312302	      0.02310860
      4.24000000	      0.00517631	      0.01313559	      0.02302640
      4.24500000	      0.00514795	      0.01309956	      0.02293303
      4.25000000	      0.00514080	      0.01309045	      0.02288322
      4.25500000	      0.00513884	      0.01308796	      0.02277977
      4.26000000	      0.00514046	      0.01309002	      0.02265530
      4.26500000	      0.00512847	      0.01307474	      0.02257004
      4.27000000	      0.00513445	      0.01308237	      0.02256810
      4.27500000	      0.00512618	      0.01307183	      0.02249438
      4.28000000	      0.00511383	      0.01305607	      0.02246380
      4.28500000	      0.00511320	      0.01305526	      0.02243765
      4.29000000	      0.00509917	      0.01303735	      0.02238370
      4.29500000	      0.00509618	      0.01303352	      0.02242276
      4.30000000	      0.00509314	      0.01302964	      0.02247338
      4.30500000	      0.00509101	      0.01302691	      0.02254361
      4.31000000	      0.00509744	      0.01303513	      0.02269007
      4.31500000	      0.00509646	      0.01303388	      0.02284661
      4.32000000	      0.00509782	      0.01303561	      0.02301818
      4.32500000	      0.00510263	      0.01304176	      0.02323270
      4.33000000	      0.00514051	      0.01309009	      0.02358410
      4.33500000	      0.00512479	      0.01307005	      0.02374249
      4.34000000	      0.00517087	      0.01312868	      0.02400767
      4.34500000	      0.00517570	      0.01313481	      0.02415605
      4.35000000	      0.00518589	      0.01314774	      0.02434411
      4.35500000	      0.00521441	      0.01318384	      0.02450439
      4.36000000	      0.00524406	      0.01322127	      0.02452432
      4.36500000	      0.00527663	      0.01326226	      0.02470352
      4.37000000	      0.00532226	      0.01331948	      0.02493467
      4.37500000	      0.00537048	      0.01337969	      0.02503137
      4.38000000	      0.00542060	      0.01344197	      0.02520589
      4.38500000	      0.00547016	      0.01350328	      0.02523396
      4.39000000	      0.00554191	      0.01359156	      0.02540746
      4.39500000	      0.00561219	      0.01367747	      0.02550703
      4.40000000	      0.00569593	      0.01377912	      0.02567699
      4.40500000	      0.00577817	      0.01387824	      0.02571882
      4.41000000	      0.00587263	      0.01399122	      0.02582894
      4.41500000	      0.00597022	      0.01410700	      0.02589676
      4.42000000	      0.00606305	      0.01421625	      0.02588576
      4.42500000	      0.00618673	      0.01436051	      0.02599100
      4.43000000	      0.00630558	      0.01449780	      0.02611839
      4.43500000	      0.00641278	      0.01462051	      0.02606987
      4.44000000	      0.00652468	      0.01474752	      0.02619793
      4.44500000	      0.00663266	      0.01486905	      0.02631735
      4.45000000	      0.00673895	      0.01498772	      0.02642475
      4.45500000	      0.00684775	      0.01510822	      0.02642598
      4.46000000	      0.00693040	      0.01519912	      0.02649681
      4.46500000	      0.00699951	      0.01527471	      0.02653419
      4.47000000	      0.00706207	      0.01534282	      0.02646279
      4.47500000	      0.00709472	      0.01537826	      0.02644506
      4.48000000	      0.00710489	      0.01538927	      0.02640540
      4.48500000	      0.00709540	      0.01537899	      0.02632117
      4.49000000	      0.00707699	      0.01535903	      0.02623202
      4.49500000	      0.00698540	      0.01525932	      0.02616230
      4.50000000	      0.00693803	      0.01520749	      0.02610422
      4.50500000	      0.00687066	      0.01513347	      0.02604824
      4.51000000	      0.00670034	      0.01494472	      0.02581555
      4.51500000	      0.00662694	      0.01486264	      0.02579597
      4.52000000	      0.00649961	      0.01471916	      0.02568271
      4.52500000	      0.00643614	      0.01464712	      0.02567110
      4.53000000	      0.00638593	      0.01458987	      0.02566935
      4.53500000	      0.00635873	      0.01455876	      0.02574590
      4.54000000	      0.00633808	      0.01453511	      0.02587720
      4.54500000	      0.00635967	      0.01455984	      0.02603031
      4.55000000	      0.00641928	      0.01462792	      0.02625495
      4.55500000	      0.00651442	      0.01473592	      0.02659398
      4.56000000	      0.00659236	      0.01482381	      0.02674777
      4.56500000	      0.00665413	      0.01489310	      0.02713187
      4.57000000	      0.00670790	      0.01495315	      0.02729092
      4.57500000	      0.00674808	      0.01499787	      0.02751059
      4.58000000	      0.00675589	      0.01500654	      0.02780638
      4.58500000	      0.00674593	      0.01499547	      0.02803478
      4.59000000	      0.00672352	      0.01497055	      0.02827937
      4.59500000	      0.00662889	      0.01486482	      0.02857964
      4.60000000	      0.00659515	      0.01482695	      0.02875793
      4.60500000	      0.00657415	      0.01480333	      0.02888867
      4.61000000	      0.00657269	      0.01480168	      0.02905380
      4.61500000	      0.00658679	      0.01481755	      0.02900680
      4.62000000	      0.00660082	      0.01483331	      0.02902730
      4.62500000	      0.00658693	      0.01481771	      0.02911400
      4.63000000	      0.00663231	      0.01486866	      0.02910909
      4.63500000	      0.00668334	      0.01492574	      0.02924541
      4.64000000	      0.00674638	      0.01499598	      0.02939308
      4.64500000	      0.00676978	      0.01502196	      0.02973931
      4.65000000	      0.00681631	      0.01507349	      0.02978973
      4.65500000	      0.00685905	      0.01512068	      0.03008027
      4.66000000	      0.00688252	      0.01514653	      0.03043101
      4.66500000	      0.00694479	      0.01521489	      0.03051977
      4.67000000	      0.00694890	      0.01521940	      0.03080930
      4.67500000	      0.00690377	      0.01516990	      0.03088070
      4.68000000	      0.00690170	      0.01516762	      0.03112075
      4.68500000	      0.00689787	      0.01516341	      0.03117059
      4.69000000	      0.00688498	      0.01514923	      0.03135787
      4.69500000	      0.00690818	      0.01517474	      0.03152693
      4.70000000	      0.00688407	      0.01514823	      0.03149363
      4.70500000	      0.00691003	      0.01517677	      0.03157297
      4.71000000	      0.00693358	      0.01520261	      0.03152519
      4.71500000	      0.00694978	      0.01522036	      0.03149890
      4.72000000	      0.00700846	      0.01528448	      0.03155413
      4.72500000	      0.00700145	      0.01527683	      0.03158947
      4.73000000	      0.00705876	      0.01533923	      0.03165849
      4.73500000	      0.00709661	      0.01538030	      0.03161632
      4.74000000	      0.00709089	      0.01537410	      0.03147783
      4.74500000	      0.00712801	      0.01541428	      0.03144690
      4.75000000	      0.00710984	      0.01539463	      0.03122919
      4.75500000	      0.00711934	      0.01540492	      0.03108551
      4.76000000	      0.00711177	      0.01539672	      0.03077614
      4.76500000	      0.00713218	      0.01541879	      0.03067338
      4.77000000	      0.00708493	      0.01536763	      0.03042359
      4.77500000	      0.00709831	      0.01538214	      0.03034216
      4.78000000	      0.00710146	      0.01538556	      0.03018240
      4.78500000	      0.00714856	      0.01543649	      0.03016388
      4.79000000	      0.00714172	      0.01542910	      0.03002262
      4.79500000	      0.00719273	      0.01548411	      0.03005128
      4.80000000	      0.00717288	      0.01546273	      0.02997911
      4.80500000	      0.00721533	      0.01550842	      0.03001697
      4.81000000	      0.00720919	      0.01550181	      0.02989415
      4.81500000	      0.00720486	      0.01549716	      0.02996582
      4.82000000	      0.00722899	      0.01552309	      0.02994402
      4.82500000	      0.00720404	      0.01549628	      0.02989675
      4.83000000	      0.00721082	      0.01550357	      0.02990562
      4.83500000	      0.00722844	      0.01552250	      0.02990328
      4.84000000	      0.00719085	      0.01548209	      0.02995150
      4.84500000	      0.00719952	      0.01549141	      0.03000619
      4.85000000	      0.00720734	      0.01549983	      0.03002962
      4.85500000	      0.00721835	      0.01551166	      0.03006521
      4.86000000	      0.00723393	      0.01552839	      0.03011604
      4.86500000	      0.00723546	      0.01553003	      0.03020284
      4.87000000	      0.00725345	      0.01554933	      0.03026380
      4.87500000	      0.00727339	      0.01557068	      0.03026706
      4.88000000	      0.00729030	      0.01558878	      0.03026188
      4.88500000	      0.00730527	      0.01560477	      0.03026232
      4.89000000	      0.00731258	      0.01561258	      0.03016381
      4.89500000	      0.00730696	      0.01560658	      0.03019014
      4.90000000	      0.00731818	      0.01561856	      0.03014641
      4.90500000	      0.00732848	      0.01562955	      0.03003020
      4.91000000	      0.00733376	      0.01563518	      0.03012772
      4.91500000	      0.00733900	      0.01564075	      0.03021078
      4.92000000	      0.00733640	      0.01563799	      0.03017113
      4.92500000	      0.00733611	      0.01563767	      0.03012547
      4.93000000	      0.00734416	      0.01564626	      0.03007915
      4.93500000	      0.00733988	      0.01564170	      0.02998245
      4.94000000	      0.00733969	      0.01564149	      0.02981401
      4.94500000	      0.00733946	      0.01564125	      0.02965128
      4.95000000	      0.00736217	      0.01566543	      0.02954939
      4.95500000	      0.00733261	      0.01563395	      0.02926073
      4.96000000	      0.00731098	      0.01561088	      0.02903308
      4.96500000	      0.00728988	      0.01558833	      0.02872083
      4.97000000	      0.00725062	      0.01554630	      0.02853597
      4.97500000	      0.00723699	      0.01553168	      0.02837501
      4.98000000	      0.00715173	      0.01543992	      0.02806926
      4.98500000	      0.00712230	      0.01540812	      0.02797135
      4.99000000	      0.00702192	      0.01529915	      0.02768017
      4.99500000	      0.00695582	      0.01522697	      0.02749127
      5.00000000	      0.00687005	      0.01513281	      0.02729122
      5.00500000	      0.00678188	      0.01503538	      0.02716829
      5.01000000	      0.00668605	      0.01492878	      0.02703066
      5.01500000	      0.00657262	      0.01480160	      0.02680698
      5.02000000	      0.00647965	      0.01469654	      0.02679475
      5.02500000	      0.00638820	      0.01459247	      0.02673640
      5.03000000	      0.00629192	      0.01448208	      0.02664816
      5.03500000	      0.00619187	      0.01436648	      0.02654471
      5.04000000	      0.00609109	      0.01424909	      0.02638507
      5.04500000	      0.00599388	      0.01413492	      0.02628805
      5.05000000	      0.00586994	      0.01398801	      0.02605203
      5.05500000	      0.00579634	      0.01390005	      0.02591860
      5.06000000	      0.00573390	      0.01382497	      0.02584103
      5.06500000	      0.00567039	      0.01374820	      0.02584880
      5.07000000	      0.00564689	      0.01371968	      0.02597170
      5.07500000	      0.00562164	      0.01368897	      0.02616330
      5.08000000	      0.00565892	      0.01373429	      0.02645067
      5.08500000	      0.00574885	      0.01384299	      0.02679186
      5.09000000	      0.00582683	      0.01393656	      0.02719878
      5.09500000	      0.00597311	      0.01411041	      0.02770084
      5.10000000	      0.00602039	      0.01416615	      0.02812225
      5.10500000	      0.00618041	      0.01435317	      0.02850794
      5.11000000	      0.00626595	      0.01445216	      0.02877881
      5.11500000	      0.00625248	      0.01443662	      0.02882185
      5.12000000	      0.00622065	      0.01439983	      0.02901224
      5.12500000	      0.00604858	      0.01419928	      0.02883780
      5.13000000	      0.00590229	      0.01402651	      0.02871037
      5.13500000	      0.00573106	      0.01382156	      0.02835079
      5.14000000	      0.00556498	      0.01361981	      0.02798478
      5.14500000	      0.00541791	      0.01343864	      0.02766136
      5.15000000	      0.00529587	      0.01328643	      0.02707852
      5.15500000	      0.00521899	      0.01318963	      0.02669808
      5.16000000	      0.00519005	      0.01315301	      0.02614884
      5.16500000	      0.00516883	      0.01312610	      0.02583081
      5.17000000	      0.00519455	      0.01315871	      0.02553723
      5.17500000	      0.00517608	      0.01313530	      0.02533480
      5.18000000	      0.00522700	      0.01319974	      0.02510977
      5.18500000	      0.00530245	      0.01329468	      0.02501632
      5.19000000	      0.00535615	      0.01336182	      0.02491498
      5.19500000	      0.00544552	      0.01347284	      0.02496672
      5.20000000	      0.00550119	      0.01354153	      0.02503991
      5.20500000	      0.00558117	      0.01363961	      0.02522867
      5.21000000	      0.00563914	      0.01371026	      0.02544208
      5.21500000	      0.00568165	      0.01376185	      0.02568484
      5.22000000	      0.00567894	      0.01375856	      0.02592615
      5.22500000	      0.00568380	      0.01376445	      0.02618679
      5.23000000	      0.00567308	      0.01375147	      0.02637955
      5.23500000	      0.00566950	      0.01374712	      0.02660245
      5.24000000	      0.00567044	      0.01374827	      0.02677301
      5.24500000	      0.00566593	      0.01374279	      0.02686331
      5.25000000	      0.00566805	      0.01374536	      0.02696215
      5.25500000	      0.00568083	      0.01376085	      0.02703103
      5.26000000	      0.00569159	      0.01377387	      0.02710730
      5.26500000	      0.00570317	      0.01378788	      0.02714400
