Model Marker Errors from IK
version=1
nRows=850
nColumns=4
inDegrees=no
endheader
time	total_squared_error	marker_error_RMS	marker_error_max
      0.00000000	      0.00564496	      0.01371734	      0.02216795
      0.00500000	      0.00544984	      0.01347818	      0.02232103
      0.01000000	      0.00544240	      0.01346898	      0.02228646
      0.01500000	      0.00541692	      0.01343741	      0.02222281
      0.02000000	      0.00541134	      0.01343049	      0.02226209
      0.02500000	      0.00535976	      0.01336632	      0.02231900
      0.03000000	      0.00535886	      0.01336520	      0.02233108
      0.03500000	      0.00533570	      0.01333629	      0.02244874
      0.04000000	      0.00534606	      0.01334923	      0.02250788
      0.04500000	      0.00534810	      0.01335178	      0.02256448
      0.05000000	      0.00540293	      0.01342004	      0.02272413
      0.05500000	      0.00538190	      0.01339390	      0.02298302
      0.06000000	      0.00540557	      0.01342332	      0.02305279
      0.06500000	      0.00542740	      0.01345041	      0.02320384
      0.07000000	      0.00547426	      0.01350834	      0.02334152
      0.07500000	      0.00549260	      0.01353096	      0.02345043
      0.08000000	      0.00554760	      0.01359852	      0.02353445
      0.08500000	      0.00560219	      0.01366527	      0.02360132
      0.09000000	      0.00566343	      0.01373976	      0.02366700
      0.09500000	      0.00573327	      0.01382422	      0.02376840
      0.10000000	      0.00581997	      0.01392835	      0.02376662
      0.10500000	      0.00588746	      0.01400888	      0.02388878
      0.11000000	      0.00597389	      0.01411133	      0.02384943
      0.11500000	      0.00606447	      0.01421791	      0.02378485
      0.12000000	      0.00616182	      0.01433158	      0.02373134
      0.12500000	      0.00626337	      0.01444918	      0.02366775
      0.13000000	      0.00645482	      0.01466836	      0.02374897
      0.13500000	      0.00652797	      0.01475124	      0.02360323
      0.14000000	      0.00660215	      0.01483482	      0.02351102
      0.14500000	      0.00665694	      0.01489624	      0.02356322
      0.15000000	      0.00671631	      0.01496252	      0.02322453
      0.15500000	      0.00675255	      0.01500284	      0.02391213
      0.16000000	      0.00679430	      0.01504914	      0.02431974
      0.16500000	      0.00689226	      0.01515725	      0.02346298
      0.17000000	      0.00690363	      0.01516974	      0.02382482
      0.17500000	      0.00696498	      0.01523700	      0.02346602
      0.18000000	      0.00693783	      0.01520727	      0.02395212
      0.18500000	      0.00697879	      0.01525209	      0.02357392
      0.19000000	      0.00683249	      0.01509137	      0.02386258
      0.19500000	      0.00681685	      0.01507410	      0.02367548
      0.20000000	      0.00670576	      0.01495077	      0.02360336
      0.20500000	      0.00665455	      0.01489357	      0.02342512
      0.21000000	      0.00656887	      0.01479738	      0.02339870
      0.21500000	      0.00635352	      0.01455281	      0.02313983
      0.22000000	      0.00624109	      0.01442347	      0.02312054
      0.22500000	      0.00611735	      0.01427976	      0.02300674
      0.23000000	      0.00598969	      0.01412998	      0.02296919
      0.23500000	      0.00588461	      0.01400549	      0.02292288
      0.24000000	      0.00581825	      0.01392629	      0.02285982
      0.24500000	      0.00574681	      0.01384053	      0.02292289
      0.25000000	      0.00577241	      0.01387133	      0.02304594
      0.25500000	      0.00591442	      0.01404091	      0.02309587
      0.26000000	      0.00606734	      0.01422127	      0.02324436
      0.26500000	      0.00617939	      0.01435200	      0.02335028
      0.27000000	      0.00635290	      0.01455209	      0.02335505
      0.27500000	      0.00648454	      0.01470209	      0.02360659
      0.28000000	      0.00650538	      0.01472569	      0.02416711
      0.28500000	      0.00655782	      0.01478492	      0.02345684
      0.29000000	      0.00648219	      0.01469942	      0.02304225
      0.29500000	      0.00643658	      0.01464762	      0.02257320
      0.30000000	      0.00629081	      0.01448080	      0.02259484
      0.30500000	      0.00618988	      0.01436417	      0.02274394
      0.31000000	      0.00608157	      0.01423794	      0.02260009
      0.31500000	      0.00604701	      0.01419743	      0.02256715
      0.32000000	      0.00605785	      0.01421015	      0.02256817
      0.32500000	      0.00611668	      0.01427898	      0.02260212
      0.33000000	      0.00595371	      0.01408747	      0.02321877
      0.33500000	      0.00608016	      0.01423629	      0.02296856
      0.34000000	      0.00621140	      0.01438912	      0.02300926
      0.34500000	      0.00633171	      0.01452780	      0.02280770
      0.35000000	      0.00641247	      0.01462016	      0.02316374
      0.35500000	      0.00644926	      0.01466203	      0.02244900
      0.36000000	      0.00650765	      0.01472826	      0.02245252
      0.36500000	      0.00655481	      0.01478153	      0.02230216
      0.37000000	      0.00659052	      0.01482174	      0.02239779
      0.37500000	      0.00654820	      0.01477407	      0.02270390
      0.38000000	      0.00655422	      0.01478086	      0.02294630
      0.38500000	      0.00655670	      0.01478366	      0.02324887
      0.39000000	      0.00658716	      0.01481796	      0.02325370
      0.39500000	      0.00657391	      0.01480306	      0.02372987
      0.40000000	      0.00659403	      0.01482569	      0.02379955
      0.40500000	      0.00660659	      0.01483981	      0.02396342
      0.41000000	      0.00659246	      0.01482392	      0.02422448
      0.41500000	      0.00660084	      0.01483335	      0.02431117
      0.42000000	      0.00659071	      0.01482195	      0.02423782
      0.42500000	      0.00659782	      0.01482995	      0.02434986
      0.43000000	      0.00658511	      0.01481565	      0.02424229
      0.43500000	      0.00659086	      0.01482212	      0.02424648
      0.44000000	      0.00660171	      0.01483432	      0.02416826
      0.44500000	      0.00663633	      0.01487316	      0.02428261
      0.45000000	      0.00663921	      0.01487639	      0.02412406
      0.45500000	      0.00665359	      0.01489249	      0.02416008
      0.46000000	      0.00667085	      0.01491180	      0.02433708
      0.46500000	      0.00665738	      0.01489674	      0.02422147
      0.47000000	      0.00664837	      0.01488665	      0.02430957
      0.47500000	      0.00662331	      0.01485856	      0.02439866
      0.48000000	      0.00657838	      0.01480808	      0.02434932
      0.48500000	      0.00654186	      0.01476693	      0.02452258
      0.49000000	      0.00652536	      0.01474829	      0.02453432
      0.49500000	      0.00647540	      0.01469173	      0.02446649
      0.50000000	      0.00644992	      0.01466279	      0.02461779
      0.50500000	      0.00644175	      0.01465350	      0.02473601
      0.51000000	      0.00643268	      0.01464318	      0.02473018
      0.51500000	      0.00644179	      0.01465354	      0.02477623
      0.52000000	      0.00645087	      0.01466386	      0.02462729
      0.52500000	      0.00645064	      0.01466361	      0.02457763
      0.53000000	      0.00646121	      0.01467561	      0.02446195
      0.53500000	      0.00646876	      0.01468418	      0.02429259
      0.54000000	      0.00646450	      0.01467935	      0.02421460
      0.54500000	      0.00646497	      0.01467988	      0.02416142
      0.55000000	      0.00644233	      0.01465416	      0.02409207
      0.55500000	      0.00644590	      0.01465821	      0.02397380
      0.56000000	      0.00644877	      0.01466148	      0.02394026
      0.56500000	      0.00643741	      0.01464857	      0.02393350
      0.57000000	      0.00644769	      0.01466025	      0.02382899
      0.57500000	      0.00645636	      0.01467010	      0.02383875
      0.58000000	      0.00646621	      0.01468129	      0.02385276
      0.58500000	      0.00647865	      0.01469541	      0.02384669
      0.59000000	      0.00642997	      0.01464009	      0.02390290
      0.59500000	      0.00643567	      0.01464659	      0.02400007
      0.60000000	      0.00644910	      0.01466185	      0.02423034
      0.60500000	      0.00646258	      0.01467717	      0.02451737
      0.61000000	      0.00641114	      0.01461864	      0.02482519
      0.61500000	      0.00640883	      0.01461601	      0.02504147
      0.62000000	      0.00641076	      0.01461821	      0.02538528
      0.62500000	      0.00636114	      0.01456153	      0.02556386
      0.63000000	      0.00635643	      0.01455614	      0.02589160
      0.63500000	      0.00635298	      0.01455218	      0.02619507
      0.64000000	      0.00634943	      0.01454811	      0.02644389
      0.64500000	      0.00631733	      0.01451130	      0.02621009
      0.65000000	      0.00633846	      0.01453554	      0.02656897
      0.65500000	      0.00634848	      0.01454702	      0.02672154
      0.66000000	      0.00633048	      0.01452639	      0.02650554
      0.66500000	      0.00633889	      0.01453604	      0.02616572
      0.67000000	      0.00632981	      0.01452562	      0.02611116
      0.67500000	      0.00630694	      0.01449936	      0.02612391
      0.68000000	      0.00626716	      0.01445356	      0.02591360
      0.68500000	      0.00621587	      0.01439429	      0.02572221
      0.69000000	      0.00616567	      0.01433606	      0.02565647
      0.69500000	      0.00602652	      0.01417335	      0.02489130
      0.70000000	      0.00596287	      0.01409831	      0.02485584
      0.70500000	      0.00589847	      0.01402197	      0.02464654
      0.71000000	      0.00586456	      0.01398161	      0.02472222
      0.71500000	      0.00582070	      0.01392923	      0.02455846
      0.72000000	      0.00582741	      0.01393726	      0.02482786
      0.72500000	      0.00581941	      0.01392768	      0.02461113
      0.73000000	      0.00580174	      0.01390653	      0.02493935
      0.73500000	      0.00580022	      0.01390470	      0.02475675
      0.74000000	      0.00571453	      0.01380161	      0.02518085
      0.74500000	      0.00568587	      0.01376695	      0.02495566
      0.75000000	      0.00564804	      0.01372108	      0.02475613
      0.75500000	      0.00562236	      0.01368986	      0.02502630
      0.76000000	      0.00551713	      0.01356114	      0.02461874
      0.76500000	      0.00542681	      0.01344967	      0.02469604
      0.77000000	      0.00523998	      0.01321613	      0.02493230
      0.77500000	      0.00514450	      0.01309517	      0.02439381
      0.78000000	      0.00507174	      0.01300223	      0.02415802
      0.78500000	      0.00502752	      0.01294543	      0.02365102
      0.79000000	      0.00498002	      0.01288412	      0.02358144
      0.79500000	      0.00500099	      0.01291122	      0.02309018
      0.80000000	      0.00501811	      0.01293330	      0.02294929
      0.80500000	      0.00507339	      0.01300435	      0.02246154
      0.81000000	      0.00509078	      0.01302661	      0.02245363
      0.81500000	      0.00513075	      0.01307765	      0.02231217
      0.82000000	      0.00519280	      0.01315649	      0.02216537
      0.82500000	      0.00524991	      0.01322864	      0.02217450
      0.83000000	      0.00522989	      0.01320340	      0.02228869
      0.83500000	      0.00526831	      0.01325180	      0.02228940
      0.84000000	      0.00527011	      0.01325406	      0.02192815
      0.84500000	      0.00528617	      0.01327425	      0.02206576
      0.85000000	      0.00522519	      0.01319746	      0.02211863
      0.85500000	      0.00522030	      0.01319128	      0.02216007
      0.86000000	      0.00517817	      0.01313795	      0.02194862
      0.86500000	      0.00516756	      0.01312448	      0.02180421
      0.87000000	      0.00509640	      0.01303380	      0.02152399
      0.87500000	      0.00506854	      0.01299813	      0.02138371
      0.88000000	      0.00503873	      0.01295985	      0.02130382
      0.88500000	      0.00500145	      0.01291181	      0.02124038
      0.89000000	      0.00500036	      0.01291041	      0.02131474
      0.89500000	      0.00499747	      0.01290667	      0.02136790
      0.90000000	      0.00499717	      0.01290629	      0.02138025
      0.90500000	      0.00500397	      0.01291507	      0.02137156
      0.91000000	      0.00502599	      0.01294346	      0.02150908
      0.91500000	      0.00501994	      0.01293566	      0.02126238
      0.92000000	      0.00502881	      0.01294708	      0.02116354
      0.92500000	      0.00503392	      0.01295366	      0.02102733
      0.93000000	      0.00505391	      0.01297935	      0.02095548
      0.93500000	      0.00507728	      0.01300934	      0.02088318
      0.94000000	      0.00508483	      0.01301900	      0.02078849
      0.94500000	      0.00509448	      0.01303135	      0.02096623
      0.95000000	      0.00510015	      0.01303859	      0.02129413
      0.95500000	      0.00510843	      0.01304917	      0.02153747
      0.96000000	      0.00512727	      0.01307322	      0.02176106
      0.96500000	      0.00512986	      0.01307652	      0.02194388
      0.97000000	      0.00514063	      0.01309024	      0.02216794
      0.97500000	      0.00515671	      0.01311069	      0.02228004
      0.98000000	      0.00517145	      0.01312942	      0.02240580
      0.98500000	      0.00520297	      0.01316937	      0.02255857
      0.99000000	      0.00522000	      0.01319091	      0.02254853
      0.99500000	      0.00525574	      0.01323599	      0.02265055
      1.00000000	      0.00527088	      0.01325504	      0.02253529
      1.00500000	      0.00532358	      0.01332114	      0.02260502
      1.01000000	      0.00536665	      0.01337492	      0.02254929
      1.01500000	      0.00541835	      0.01343918	      0.02259460
      1.02000000	      0.00547363	      0.01350756	      0.02264726
      1.02500000	      0.00553581	      0.01358407	      0.02260453
      1.03000000	      0.00560322	      0.01366653	      0.02267199
      1.03500000	      0.00567110	      0.01374906	      0.02269245
      1.04000000	      0.00575547	      0.01385096	      0.02270911
      1.04500000	      0.00584650	      0.01396006	      0.02273242
      1.05000000	      0.00595786	      0.01409239	      0.02263652
      1.05500000	      0.00605290	      0.01420434	      0.02265009
      1.06000000	      0.00613472	      0.01430002	      0.02276475
      1.06500000	      0.00621653	      0.01439506	      0.02316780
      1.07000000	      0.00628569	      0.01447491	      0.02385292
      1.07500000	      0.00637619	      0.01457875	      0.02384102
      1.08000000	      0.00639356	      0.01459858	      0.02401851
      1.08500000	      0.00644667	      0.01465909	      0.02398243
      1.09000000	      0.00644583	      0.01465814	      0.02426429
      1.09500000	      0.00643784	      0.01464905	      0.02432050
      1.10000000	      0.00641215	      0.01461980	      0.02395753
      1.10500000	      0.00637516	      0.01457757	      0.02354212
      1.11000000	      0.00629634	      0.01448717	      0.02369327
      1.11500000	      0.00622601	      0.01440603	      0.02299816
      1.12000000	      0.00615536	      0.01432406	      0.02254630
      1.12500000	      0.00609145	      0.01424950	      0.02253857
      1.13000000	      0.00601810	      0.01416346	      0.02259721
      1.13500000	      0.00598645	      0.01412616	      0.02280393
      1.14000000	      0.00598361	      0.01412281	      0.02290316
      1.14500000	      0.00600065	      0.01414290	      0.02416302
      1.15000000	      0.00607257	      0.01422740	      0.02325968
      1.15500000	      0.00614329	      0.01431001	      0.02353178
      1.16000000	      0.00623977	      0.01442193	      0.02408757
      1.16500000	      0.00634677	      0.01454507	      0.02472807
      1.17000000	      0.00642826	      0.01463815	      0.02439235
      1.17500000	      0.00651232	      0.01473355	      0.02452507
      1.18000000	      0.00650028	      0.01471992	      0.02478843
      1.18500000	      0.00650795	      0.01472860	      0.02512539
      1.19000000	      0.00649241	      0.01471100	      0.02533621
      1.19500000	      0.00651842	      0.01474044	      0.02572679
      1.20000000	      0.00628321	      0.01447205	      0.02595255
      1.20500000	      0.00625422	      0.01443863	      0.02606804
      1.21000000	      0.00622322	      0.01440281	      0.02612822
      1.21500000	      0.00618081	      0.01435364	      0.02620046
      1.22000000	      0.00617605	      0.01434811	      0.02633677
      1.22500000	      0.00622255	      0.01440202	      0.02636065
      1.23000000	      0.00619442	      0.01436943	      0.02647266
      1.23500000	      0.00623984	      0.01442202	      0.02651665
      1.24000000	      0.00629813	      0.01448922	      0.02643499
      1.24500000	      0.00631419	      0.01450769	      0.02650479
      1.25000000	      0.00635968	      0.01455985	      0.02653013
      1.25500000	      0.00639226	      0.01459710	      0.02645857
      1.26000000	      0.00640246	      0.01460874	      0.02637609
      1.26500000	      0.00628808	      0.01447767	      0.02625534
      1.27000000	      0.00628621	      0.01447551	      0.02612388
      1.27500000	      0.00621901	      0.01439793	      0.02598797
      1.28000000	      0.00620320	      0.01437961	      0.02583315
      1.28500000	      0.00615398	      0.01432246	      0.02563602
      1.29000000	      0.00615019	      0.01431804	      0.02553782
      1.29500000	      0.00611463	      0.01427659	      0.02539654
      1.30000000	      0.00612886	      0.01429319	      0.02536641
      1.30500000	      0.00613670	      0.01430233	      0.02529486
      1.31000000	      0.00615214	      0.01432031	      0.02520677
      1.31500000	      0.00617372	      0.01434541	      0.02510526
      1.32000000	      0.00618797	      0.01436195	      0.02500094
      1.32500000	      0.00622411	      0.01440383	      0.02495905
      1.33000000	      0.00625505	      0.01443958	      0.02479447
      1.33500000	      0.00629007	      0.01447995	      0.02463742
      1.34000000	      0.00633262	      0.01452885	      0.02449795
      1.34500000	      0.00637895	      0.01458190	      0.02429961
      1.35000000	      0.00642452	      0.01463389	      0.02416219
      1.35500000	      0.00646979	      0.01468536	      0.02398833
      1.36000000	      0.00649984	      0.01471942	      0.02384533
      1.36500000	      0.00654291	      0.01476810	      0.02373755
      1.37000000	      0.00657338	      0.01480246	      0.02354183
      1.37500000	      0.00657922	      0.01480903	      0.02342463
      1.38000000	      0.00661700	      0.01485149	      0.02334981
      1.38500000	      0.00664503	      0.01488290	      0.02359639
      1.39000000	      0.00666685	      0.01490732	      0.02378410
      1.39500000	      0.00668508	      0.01492769	      0.02397387
      1.40000000	      0.00673575	      0.01498416	      0.02403100
      1.40500000	      0.00668303	      0.01492541	      0.02456576
      1.41000000	      0.00669638	      0.01494030	      0.02457419
      1.41500000	      0.00667407	      0.01491539	      0.02446567
      1.42000000	      0.00668223	      0.01492451	      0.02449518
      1.42500000	      0.00670234	      0.01494695	      0.02451627
      1.43000000	      0.00669738	      0.01494142	      0.02446864
      1.43500000	      0.00666790	      0.01490850	      0.02419377
      1.44000000	      0.00663951	      0.01487672	      0.02411365
      1.44500000	      0.00666269	      0.01490267	      0.02419028
      1.45000000	      0.00664078	      0.01487815	      0.02425086
      1.45500000	      0.00666346	      0.01490353	      0.02438022
      1.46000000	      0.00667364	      0.01491492	      0.02449492
      1.46500000	      0.00664934	      0.01488774	      0.02454834
      1.47000000	      0.00666914	      0.01490989	      0.02466995
      1.47500000	      0.00669620	      0.01494011	      0.02487773
      1.48000000	      0.00670351	      0.01494825	      0.02531134
      1.48500000	      0.00673806	      0.01498673	      0.02535760
      1.49000000	      0.00677704	      0.01503002	      0.02551142
      1.49500000	      0.00681401	      0.01507096	      0.02573966
      1.50000000	      0.00684620	      0.01510651	      0.02591004
      1.50500000	      0.00687657	      0.01513998	      0.02614317
      1.51000000	      0.00683139	      0.01509016	      0.02591902
      1.51500000	      0.00683501	      0.01509415	      0.02612196
      1.52000000	      0.00683923	      0.01509882	      0.02631745
      1.52500000	      0.00683956	      0.01509919	      0.02656568
      1.53000000	      0.00683499	      0.01509414	      0.02672401
      1.53500000	      0.00683403	      0.01509308	      0.02688727
      1.54000000	      0.00683047	      0.01508915	      0.02692876
      1.54500000	      0.00683237	      0.01509124	      0.02697132
      1.55000000	      0.00684013	      0.01509982	      0.02690424
      1.55500000	      0.00681688	      0.01507413	      0.02689845
      1.56000000	      0.00679034	      0.01504476	      0.02686495
      1.56500000	      0.00672674	      0.01497413	      0.02665405
      1.57000000	      0.00665332	      0.01489219	      0.02658657
      1.57500000	      0.00659988	      0.01483226	      0.02653054
      1.58000000	      0.00655427	      0.01478092	      0.02639991
      1.58500000	      0.00641632	      0.01462454	      0.02605323
      1.59000000	      0.00640634	      0.01461317	      0.02593488
      1.59500000	      0.00641562	      0.01462375	      0.02583022
      1.60000000	      0.00641347	      0.01462129	      0.02611201
      1.60500000	      0.00639022	      0.01459477	      0.02611870
      1.61000000	      0.00639762	      0.01460322	      0.02621350
      1.61500000	      0.00639283	      0.01459775	      0.02635130
      1.62000000	      0.00631036	      0.01450328	      0.02629047
      1.62500000	      0.00627049	      0.01445740	      0.02652622
      1.63000000	      0.00612735	      0.01429143	      0.02640121
      1.63500000	      0.00603099	      0.01417861	      0.02653527
      1.64000000	      0.00589202	      0.01401430	      0.02639051
      1.64500000	      0.00571926	      0.01380731	      0.02609381
      1.65000000	      0.00554766	      0.01359861	      0.02649311
      1.65500000	      0.00541932	      0.01344039	      0.02586817
      1.66000000	      0.00532543	      0.01332345	      0.02552930
      1.66500000	      0.00519027	      0.01315329	      0.02573257
      1.67000000	      0.00513726	      0.01308595	      0.02509000
      1.67500000	      0.00511079	      0.01305219	      0.02506837
      1.68000000	      0.00512083	      0.01306501	      0.02476560
      1.68500000	      0.00513122	      0.01307825	      0.02497491
      1.69000000	      0.00521767	      0.01318796	      0.02492692
      1.69500000	      0.00530359	      0.01329611	      0.02538791
      1.70000000	      0.00540910	      0.01342770	      0.02524404
      1.70500000	      0.00544984	      0.01347818	      0.02575995
      1.71000000	      0.00553508	      0.01358318	      0.02584912
      1.71500000	      0.00555593	      0.01360874	      0.02591864
      1.72000000	      0.00560949	      0.01367417	      0.02606043
      1.72500000	      0.00557886	      0.01363679	      0.02618384
      1.73000000	      0.00558362	      0.01364260	      0.02617751
      1.73500000	      0.00561335	      0.01367888	      0.02639940
      1.74000000	      0.00563374	      0.01370370	      0.02644820
      1.74500000	      0.00557216	      0.01362860	      0.02599059
      1.75000000	      0.00558563	      0.01364506	      0.02637216
      1.75500000	      0.00562625	      0.01369458	      0.02641769
      1.76000000	      0.00564397	      0.01371614	      0.02617253
      1.76500000	      0.00560008	      0.01366270	      0.02560505
      1.77000000	      0.00560920	      0.01367381	      0.02537610
      1.77500000	      0.00562446	      0.01369241	      0.02528892
      1.78000000	      0.00563224	      0.01370188	      0.02508075
      1.78500000	      0.00568302	      0.01376351	      0.02507151
      1.79000000	      0.00565856	      0.01373385	      0.02496035
      1.79500000	      0.00566116	      0.01373701	      0.02480088
      1.80000000	      0.00569510	      0.01377813	      0.02462437
      1.80500000	      0.00566429	      0.01374080	      0.02475272
      1.81000000	      0.00565164	      0.01372545	      0.02457472
      1.81500000	      0.00563561	      0.01370597	      0.02440271
      1.82000000	      0.00562727	      0.01369582	      0.02438668
      1.82500000	      0.00560950	      0.01367419	      0.02400225
      1.83000000	      0.00558831	      0.01364833	      0.02373093
      1.83500000	      0.00556963	      0.01362550	      0.02350998
      1.84000000	      0.00559471	      0.01365615	      0.02345132
      1.84500000	      0.00553785	      0.01358658	      0.02307424
      1.85000000	      0.00553051	      0.01357756	      0.02274803
      1.85500000	      0.00552035	      0.01356509	      0.02285365
      1.86000000	      0.00551873	      0.01356310	      0.02289257
      1.86500000	      0.00551675	      0.01356066	      0.02295436
      1.87000000	      0.00551885	      0.01356324	      0.02301618
      1.87500000	      0.00553131	      0.01357855	      0.02308571
      1.88000000	      0.00556784	      0.01362331	      0.02321036
      1.88500000	      0.00557604	      0.01363334	      0.02323594
      1.89000000	      0.00562506	      0.01369314	      0.02334262
      1.89500000	      0.00566272	      0.01373890	      0.02339921
      1.90000000	      0.00570832	      0.01379410	      0.02349540
      1.90500000	      0.00573675	      0.01382841	      0.02353871
      1.91000000	      0.00580495	      0.01391037	      0.02367433
      1.91500000	      0.00587556	      0.01399472	      0.02380697
      1.92000000	      0.00594979	      0.01408284	      0.02391874
      1.92500000	      0.00603647	      0.01418504	      0.02404092
      1.93000000	      0.00612667	      0.01429063	      0.02417884
      1.93500000	      0.00623262	      0.01441368	      0.02426055
      1.94000000	      0.00635071	      0.01454958	      0.02434339
      1.94500000	      0.00650019	      0.01471982	      0.02450286
      1.95000000	      0.00660820	      0.01484160	      0.02451858
      1.95500000	      0.00670878	      0.01495412	      0.02452260
      1.96000000	      0.00677482	      0.01502755	      0.02447943
      1.96500000	      0.00683330	      0.01509227	      0.02438601
      1.97000000	      0.00684857	      0.01510912	      0.02438873
      1.97500000	      0.00683490	      0.01509404	      0.02440194
      1.98000000	      0.00683637	      0.01509566	      0.02421007
      1.98500000	      0.00675092	      0.01500102	      0.02393342
      1.99000000	      0.00667705	      0.01491873	      0.02385736
      1.99500000	      0.00660398	      0.01483687	      0.02376129
      2.00000000	      0.00651300	      0.01473432	      0.02361294
      2.00500000	      0.00637820	      0.01458104	      0.02326447
      2.01000000	      0.00627613	      0.01446389	      0.02317749
      2.01500000	      0.00618232	      0.01435539	      0.02303463
      2.02000000	      0.00607970	      0.01423575	      0.02277698
      2.02500000	      0.00602368	      0.01417002	      0.02276519
      2.03000000	      0.00600348	      0.01414624	      0.02279547
      2.03500000	      0.00603091	      0.01417851	      0.02296479
      2.04000000	      0.00612205	      0.01428524	      0.02304126
      2.04500000	      0.00620184	      0.01437804	      0.02381725
      2.05000000	      0.00630746	      0.01449995	      0.02384375
      2.05500000	      0.00639576	      0.01460110	      0.02425786
      2.06000000	      0.00647272	      0.01468868	      0.02409791
      2.06500000	      0.00647806	      0.01469473	      0.02398865
      2.07000000	      0.00644934	      0.01466213	      0.02412503
      2.07500000	      0.00632681	      0.01452218	      0.02434509
      2.08000000	      0.00620654	      0.01438348	      0.02440361
      2.08500000	      0.00607971	      0.01423576	      0.02434843
      2.09000000	      0.00598822	      0.01412824	      0.02434246
      2.09500000	      0.00590644	      0.01403144	      0.02421561
      2.10000000	      0.00584040	      0.01395278	      0.02415593
      2.10500000	      0.00581216	      0.01391900	      0.02405116
      2.11000000	      0.00581216	      0.01391900	      0.02389874
      2.11500000	      0.00583673	      0.01394839	      0.02382866
      2.12000000	      0.00588130	      0.01400154	      0.02377810
      2.12500000	      0.00594597	      0.01407831	      0.02379000
      2.13000000	      0.00602369	      0.01417003	      0.02372336
      2.13500000	      0.00611595	      0.01427813	      0.02374632
      2.14000000	      0.00618510	      0.01435862	      0.02386201
      2.14500000	      0.00624096	      0.01442331	      0.02404713
      2.15000000	      0.00622895	      0.01440943	      0.02419481
      2.15500000	      0.00625196	      0.01443602	      0.02441759
      2.16000000	      0.00626152	      0.01444705	      0.02447461
      2.16500000	      0.00627035	      0.01445723	      0.02478543
      2.17000000	      0.00625125	      0.01443519	      0.02484203
      2.17500000	      0.00623391	      0.01441517	      0.02504951
      2.18000000	      0.00624222	      0.01442477	      0.02525940
      2.18500000	      0.00625315	      0.01443739	      0.02532750
      2.19000000	      0.00627734	      0.01446529	      0.02558551
      2.19500000	      0.00627593	      0.01446366	      0.02566110
      2.20000000	      0.00631202	      0.01450519	      0.02579641
      2.20500000	      0.00633922	      0.01453642	      0.02586755
      2.21000000	      0.00639484	      0.01460004	      0.02597274
      2.21500000	      0.00642555	      0.01463506	      0.02601678
      2.22000000	      0.00646940	      0.01468491	      0.02603613
      2.22500000	      0.00652038	      0.01474265	      0.02605272
      2.23000000	      0.00656983	      0.01479846	      0.02608608
      2.23500000	      0.00662381	      0.01485913	      0.02607226
      2.24000000	      0.00666617	      0.01490657	      0.02600521
      2.24500000	      0.00671099	      0.01495660	      0.02597880
      2.25000000	      0.00673989	      0.01498876	      0.02594149
      2.25500000	      0.00675732	      0.01500814	      0.02584457
      2.26000000	      0.00675939	      0.01501043	      0.02580100
      2.26500000	      0.00677622	      0.01502910	      0.02572360
      2.27000000	      0.00677798	      0.01503105	      0.02591490
      2.27500000	      0.00678556	      0.01503945	      0.02586155
      2.28000000	      0.00678393	      0.01503765	      0.02585748
      2.28500000	      0.00678889	      0.01504315	      0.02583708
      2.29000000	      0.00679713	      0.01505227	      0.02636404
      2.29500000	      0.00681205	      0.01506878	      0.02630069
      2.30000000	      0.00683361	      0.01509261	      0.02622003
      2.30500000	      0.00685605	      0.01511738	      0.02610181
      2.31000000	      0.00687791	      0.01514145	      0.02628107
      2.31500000	      0.00690782	      0.01517434	      0.02617024
      2.32000000	      0.00692590	      0.01519419	      0.02605267
      2.32500000	      0.00691641	      0.01518377	      0.02582095
      2.33000000	      0.00692693	      0.01519532	      0.02579333
      2.33500000	      0.00691848	      0.01518605	      0.02571954
      2.34000000	      0.00687047	      0.01513327	      0.02548992
      2.34500000	      0.00686283	      0.01512485	      0.02555174
      2.35000000	      0.00684247	      0.01510240	      0.02554592
      2.35500000	      0.00681741	      0.01507472	      0.02549606
      2.36000000	      0.00675922	      0.01501024	      0.02545662
      2.36500000	      0.00674392	      0.01499324	      0.02536759
      2.37000000	      0.00673188	      0.01497986	      0.02521271
      2.37500000	      0.00672521	      0.01497243	      0.02500205
      2.38000000	      0.00672768	      0.01497518	      0.02477746
      2.38500000	      0.00673371	      0.01498189	      0.02452437
      2.39000000	      0.00672233	      0.01496922	      0.02444565
      2.39500000	      0.00672161	      0.01496842	      0.02442179
      2.40000000	      0.00672083	      0.01496755	      0.02438292
      2.40500000	      0.00671151	      0.01495717	      0.02453691
      2.41000000	      0.00668766	      0.01493058	      0.02443441
      2.41500000	      0.00665675	      0.01489602	      0.02436593
      2.42000000	      0.00662403	      0.01485937	      0.02429471
      2.42500000	      0.00659544	      0.01482727	      0.02429113
      2.43000000	      0.00655862	      0.01478583	      0.02414029
      2.43500000	      0.00652270	      0.01474528	      0.02398441
      2.44000000	      0.00649387	      0.01471266	      0.02380615
      2.44500000	      0.00647344	      0.01468950	      0.02360154
      2.45000000	      0.00647205	      0.01468792	      0.02362337
      2.45500000	      0.00643188	      0.01464227	      0.02314189
      2.46000000	      0.00641769	      0.01462610	      0.02298111
      2.46500000	      0.00636479	      0.01456570	      0.02279598
      2.47000000	      0.00628763	      0.01447714	      0.02269502
      2.47500000	      0.00624776	      0.01443116	      0.02267915
      2.48000000	      0.00620693	      0.01438394	      0.02265374
      2.48500000	      0.00617481	      0.01434668	      0.02263310
      2.49000000	      0.00614746	      0.01431487	      0.02253784
      2.49500000	      0.00612575	      0.01428956	      0.02254507
      2.50000000	      0.00612039	      0.01428331	      0.02252068
      2.50500000	      0.00611217	      0.01427372	      0.02245903
      2.51000000	      0.00604024	      0.01418948	      0.02260883
      2.51500000	      0.00602714	      0.01417409	      0.02244413
      2.52000000	      0.00592842	      0.01405753	      0.02242024
      2.52500000	      0.00586228	      0.01397888	      0.02216496
      2.53000000	      0.00573805	      0.01382998	      0.02185555
      2.53500000	      0.00558108	      0.01363950	      0.02154046
      2.54000000	      0.00543165	      0.01345567	      0.02118377
      2.54500000	      0.00526105	      0.01324267	      0.02085585
      2.55000000	      0.00515438	      0.01310773	      0.02043508
      2.55500000	      0.00509589	      0.01303315	      0.02005754
      2.56000000	      0.00501211	      0.01292557	      0.01970149
      2.56500000	      0.00497458	      0.01287709	      0.01953815
      2.57000000	      0.00496221	      0.01286106	      0.01929239
      2.57500000	      0.00499620	      0.01290503	      0.01940216
      2.58000000	      0.00508119	      0.01301433	      0.02010681
      2.58500000	      0.00510992	      0.01305108	      0.01925211
      2.59000000	      0.00518636	      0.01314833	      0.01972810
      2.59500000	      0.00525964	      0.01324090	      0.01986124
      2.60000000	      0.00534903	      0.01335294	      0.02044729
      2.60500000	      0.00532711	      0.01332555	      0.01930527
      2.61000000	      0.00537597	      0.01338652	      0.01964263
      2.61500000	      0.00540573	      0.01342352	      0.01998691
      2.62000000	      0.00533512	      0.01333556	      0.02049859
      2.62500000	      0.00534748	      0.01335100	      0.02065953
      2.63000000	      0.00533525	      0.01333573	      0.02077227
      2.63500000	      0.00524841	      0.01322675	      0.02057363
      2.64000000	      0.00526218	      0.01324410	      0.02075700
      2.64500000	      0.00520438	      0.01317116	      0.02071383
      2.65000000	      0.00517465	      0.01313348	      0.02076772
      2.65500000	      0.00515439	      0.01310774	      0.02080894
      2.66000000	      0.00513824	      0.01308720	      0.02092793
      2.66500000	      0.00512933	      0.01307585	      0.02104225
      2.67000000	      0.00511568	      0.01305843	      0.02106074
      2.67500000	      0.00512016	      0.01306416	      0.02114536
      2.68000000	      0.00512150	      0.01306585	      0.02122377
      2.68500000	      0.00511379	      0.01305603	      0.02126584
      2.69000000	      0.00510889	      0.01304976	      0.02132394
      2.69500000	      0.00515807	      0.01311243	      0.02137157
      2.70000000	      0.00509159	      0.01302765	      0.02143869
      2.70500000	      0.00508657	      0.01302123	      0.02149924
      2.71000000	      0.00507264	      0.01300338	      0.02150217
      2.71500000	      0.00505040	      0.01297485	      0.02152176
      2.72000000	      0.00504825	      0.01297209	      0.02152049
      2.72500000	      0.00504121	      0.01296304	      0.02148669
      2.73000000	      0.00502645	      0.01294405	      0.02144605
      2.73500000	      0.00502019	      0.01293598	      0.02139270
      2.74000000	      0.00507110	      0.01300141	      0.02145246
      2.74500000	      0.00504777	      0.01297147	      0.02132301
      2.75000000	      0.00504739	      0.01297098	      0.02128854
      2.75500000	      0.00511807	      0.01306148	      0.02125309
      2.76000000	      0.00509460	      0.01303150	      0.02105686
      2.76500000	      0.00517409	      0.01313277	      0.02104888
      2.77000000	      0.00516244	      0.01311798	      0.02105524
      2.77500000	      0.00520600	      0.01317321	      0.02102757
      2.78000000	      0.00524700	      0.01322497	      0.02098445
      2.78500000	      0.00528816	      0.01327675	      0.02097760
      2.79000000	      0.00532922	      0.01332818	      0.02099265
      2.79500000	      0.00537564	      0.01338611	      0.02102260
      2.80000000	      0.00542850	      0.01345177	      0.02114159
      2.80500000	      0.00548716	      0.01352425	      0.02110642
      2.81000000	      0.00555465	      0.01360717	      0.02127364
      2.81500000	      0.00563143	      0.01370089	      0.02144205
      2.82000000	      0.00572170	      0.01381026	      0.02161017
      2.82500000	      0.00582849	      0.01393854	      0.02149560
      2.83000000	      0.00592938	      0.01405866	      0.02168966
      2.83500000	      0.00606435	      0.01421777	      0.02173661
      2.84000000	      0.00617263	      0.01434414	      0.02188266
      2.84500000	      0.00628644	      0.01447577	      0.02276178
      2.85000000	      0.00644390	      0.01465595	      0.02224041
      2.85500000	      0.00653679	      0.01476119	      0.02330281
      2.86000000	      0.00665925	      0.01489883	      0.02290035
      2.86500000	      0.00671823	      0.01496466	      0.02382118
      2.87000000	      0.00676854	      0.01502058	      0.02366973
      2.87500000	      0.00680715	      0.01506336	      0.02385642
      2.88000000	      0.00684380	      0.01510386	      0.02391868
      2.88500000	      0.00685473	      0.01511592	      0.02403367
      2.89000000	      0.00686868	      0.01513129	      0.02386869
      2.89500000	      0.00680037	      0.01505586	      0.02439313
      2.90000000	      0.00676680	      0.01501866	      0.02381911
      2.90500000	      0.00670029	      0.01494466	      0.02331773
      2.91000000	      0.00657812	      0.01480779	      0.02342059
      2.91500000	      0.00645478	      0.01466831	      0.02266314
      2.92000000	      0.00633434	      0.01453081	      0.02195749
      2.92500000	      0.00621381	      0.01439191	      0.02145064
      2.93000000	      0.00611344	      0.01427520	      0.02117296
      2.93500000	      0.00603470	      0.01418297	      0.02165246
      2.94000000	      0.00602854	      0.01417573	      0.02179614
      2.94500000	      0.00607964	      0.01423568	      0.02232781
      2.95000000	      0.00618096	      0.01435381	      0.02278389
      2.95500000	      0.00632826	      0.01452384	      0.02381285
      2.96000000	      0.00650492	      0.01472517	      0.02436747
      2.96500000	      0.00668361	      0.01492606	      0.02469307
      2.97000000	      0.00677751	      0.01503053	      0.02522836
      2.97500000	      0.00687852	      0.01514212	      0.02541746
      2.98000000	      0.00692372	      0.01519179	      0.02508736
      2.98500000	      0.00688713	      0.01515161	      0.02479827
      2.99000000	      0.00681767	      0.01507500	      0.02416267
      2.99500000	      0.00671358	      0.01495947	      0.02331050
      3.00000000	      0.00658702	      0.01481780	      0.02259020
      3.00500000	      0.00641730	      0.01462566	      0.02254971
      3.01000000	      0.00632958	      0.01452535	      0.02251062
      3.01500000	      0.00630739	      0.01449987	      0.02219402
      3.02000000	      0.00630916	      0.01450191	      0.02202508
      3.02500000	      0.00637030	      0.01457200	      0.02185826
      3.03000000	      0.00643445	      0.01464520	      0.02166656
      3.03500000	      0.00649722	      0.01471645	      0.02160524
      3.04000000	      0.00659772	      0.01482983	      0.02196063
      3.04500000	      0.00670308	      0.01494777	      0.02245990
      3.05000000	      0.00680992	      0.01506643	      0.02275789
      3.05500000	      0.00688173	      0.01514566	      0.02309703
      3.06000000	      0.00691172	      0.01517862	      0.02306920
      3.06500000	      0.00694937	      0.01521991	      0.02309045
      3.07000000	      0.00693268	      0.01520163	      0.02342977
      3.07500000	      0.00694813	      0.01521855	      0.02311574
      3.08000000	      0.00690767	      0.01517417	      0.02316222
      3.08500000	      0.00690640	      0.01517279	      0.02283213
      3.09000000	      0.00681828	      0.01507568	      0.02404435
      3.09500000	      0.00679096	      0.01504544	      0.02424788
      3.10000000	      0.00678143	      0.01503489	      0.02436338
      3.10500000	      0.00672577	      0.01497305	      0.02463434
      3.11000000	      0.00672535	      0.01497259	      0.02466825
      3.11500000	      0.00665772	      0.01489711	      0.02474448
      3.12000000	      0.00666224	      0.01490217	      0.02489062
      3.12500000	      0.00665296	      0.01489179	      0.02504583
      3.13000000	      0.00664843	      0.01488672	      0.02516032
      3.13500000	      0.00662158	      0.01485662	      0.02576694
      3.14000000	      0.00663437	      0.01487097	      0.02582130
      3.14500000	      0.00664545	      0.01488337	      0.02581393
      3.15000000	      0.00664405	      0.01488182	      0.02571093
      3.15500000	      0.00666079	      0.01490055	      0.02574420
      3.16000000	      0.00667056	      0.01491148	      0.02578699
      3.16500000	      0.00667676	      0.01491840	      0.02582642
      3.17000000	      0.00668047	      0.01492255	      0.02583805
      3.17500000	      0.00667708	      0.01491876	      0.02584904
      3.18000000	      0.00665068	      0.01488923	      0.02579531
      3.18500000	      0.00665236	      0.01489111	      0.02595245
      3.19000000	      0.00664406	      0.01488182	      0.02602692
      3.19500000	      0.00660820	      0.01484161	      0.02590718
      3.20000000	      0.00660342	      0.01483624	      0.02591865
      3.20500000	      0.00661203	      0.01484591	      0.02601193
      3.21000000	      0.00660011	      0.01483252	      0.02597646
      3.21500000	      0.00661532	      0.01484960	      0.02606927
      3.22000000	      0.00663383	      0.01487036	      0.02610215
      3.22500000	      0.00665497	      0.01489403	      0.02608505
      3.23000000	      0.00668014	      0.01492218	      0.02597580
      3.23500000	      0.00670757	      0.01495279	      0.02591726
      3.24000000	      0.00671257	      0.01495836	      0.02588572
      3.24500000	      0.00674267	      0.01499185	      0.02581723
      3.25000000	      0.00676248	      0.01501386	      0.02572313
      3.25500000	      0.00677712	      0.01503010	      0.02550615
      3.26000000	      0.00678319	      0.01503684	      0.02510928
      3.26500000	      0.00678568	      0.01503959	      0.02491940
      3.27000000	      0.00679055	      0.01504499	      0.02468545
      3.27500000	      0.00679751	      0.01505270	      0.02441104
      3.28000000	      0.00678734	      0.01504143	      0.02460401
      3.28500000	      0.00680694	      0.01506313	      0.02432318
      3.29000000	      0.00682729	      0.01508563	      0.02425131
      3.29500000	      0.00684657	      0.01510692	      0.02423334
      3.30000000	      0.00686667	      0.01512907	      0.02426011
      3.30500000	      0.00687834	      0.01514193	      0.02433711
      3.31000000	      0.00685416	      0.01511529	      0.02498619
      3.31500000	      0.00690308	      0.01516914	      0.02475560
      3.32000000	      0.00687894	      0.01514259	      0.02467519
      3.32500000	      0.00689664	      0.01516206	      0.02424345
      3.33000000	      0.00685811	      0.01511965	      0.02464804
      3.33500000	      0.00684417	      0.01510427	      0.02449409
      3.34000000	      0.00678714	      0.01504121	      0.02457310
      3.34500000	      0.00675005	      0.01500006	      0.02435049
      3.35000000	      0.00670462	      0.01494949	      0.02414237
      3.35500000	      0.00664555	      0.01488350	      0.02401556
      3.36000000	      0.00658257	      0.01481280	      0.02385377
      3.36500000	      0.00651975	      0.01474195	      0.02369524
      3.37000000	      0.00645951	      0.01467368	      0.02356431
      3.37500000	      0.00640676	      0.01461365	      0.02341195
      3.38000000	      0.00636994	      0.01457159	      0.02325564
      3.38500000	      0.00634797	      0.01454644	      0.02308994
      3.39000000	      0.00628201	      0.01447067	      0.02321738
      3.39500000	      0.00627630	      0.01446409	      0.02305412
      3.40000000	      0.00629623	      0.01448705	      0.02264670
      3.40500000	      0.00623243	      0.01441346	      0.02271305
      3.41000000	      0.00623130	      0.01441214	      0.02226554
      3.41500000	      0.00618872	      0.01436282	      0.02195980
      3.42000000	      0.00614135	      0.01430775	      0.02164260
      3.42500000	      0.00609286	      0.01425115	      0.02148167
      3.43000000	      0.00593235	      0.01406218	      0.02112507
      3.43500000	      0.00585151	      0.01396605	      0.02137837
      3.44000000	      0.00581526	      0.01392271	      0.02133202
      3.44500000	      0.00567759	      0.01375692	      0.02120503
      3.45000000	      0.00564225	      0.01371405	      0.02129319
      3.45500000	      0.00555251	      0.01360455	      0.02121306
      3.46000000	      0.00553781	      0.01358653	      0.02132693
      3.46500000	      0.00548356	      0.01351982	      0.02109632
      3.47000000	      0.00547360	      0.01350752	      0.02085308
      3.47500000	      0.00551988	      0.01356451	      0.02099765
      3.48000000	      0.00554049	      0.01358981	      0.02092018
      3.48500000	      0.00561477	      0.01368061	      0.02129576
      3.49000000	      0.00569225	      0.01377467	      0.02179305
      3.49500000	      0.00571339	      0.01380024	      0.02240158
      3.50000000	      0.00577244	      0.01387136	      0.02291387
      3.50500000	      0.00576803	      0.01386606	      0.02323282
      3.51000000	      0.00580531	      0.01391080	      0.02377830
      3.51500000	      0.00581434	      0.01392161	      0.02401348
      3.52000000	      0.00580648	      0.01391220	      0.02427007
      3.52500000	      0.00574405	      0.01383720	      0.02416312
      3.53000000	      0.00570790	      0.01379359	      0.02420303
      3.53500000	      0.00566982	      0.01374751	      0.02422808
      3.54000000	      0.00563130	      0.01370073	      0.02422306
      3.54500000	      0.00560520	      0.01366894	      0.02415426
      3.55000000	      0.00558132	      0.01363980	      0.02412002
      3.55500000	      0.00556794	      0.01362343	      0.02401407
      3.56000000	      0.00555488	      0.01360745	      0.02395861
      3.56500000	      0.00555048	      0.01360206	      0.02380496
      3.57000000	      0.00553863	      0.01358754	      0.02375439
      3.57500000	      0.00552454	      0.01357024	      0.02352594
      3.58000000	      0.00550061	      0.01354082	      0.02348045
      3.58500000	      0.00550871	      0.01355078	      0.02327761
      3.59000000	      0.00545990	      0.01349061	      0.02323411
      3.59500000	      0.00544221	      0.01346874	      0.02305405
      3.60000000	      0.00541467	      0.01343461	      0.02286405
      3.60500000	      0.00536621	      0.01337437	      0.02251559
      3.61000000	      0.00532705	      0.01332548	      0.02229176
      3.61500000	      0.00528963	      0.01327859	      0.02205853
      3.62000000	      0.00526241	      0.01324438	      0.02187360
      3.62500000	      0.00528470	      0.01327241	      0.02215665
      3.63000000	      0.00527483	      0.01326001	      0.02190309
      3.63500000	      0.00527713	      0.01326290	      0.02156726
      3.64000000	      0.00529571	      0.01328622	      0.02124770
      3.64500000	      0.00533332	      0.01333332	      0.02118762
      3.65000000	      0.00535415	      0.01335933	      0.02109807
      3.65500000	      0.00540306	      0.01342020	      0.02117665
      3.66000000	      0.00543266	      0.01345692	      0.02118640
      3.66500000	      0.00548742	      0.01352457	      0.02127496
      3.67000000	      0.00552988	      0.01357680	      0.02131838
      3.67500000	      0.00558304	      0.01364189	      0.02133313
      3.68000000	      0.00563891	      0.01370998	      0.02133816
      3.68500000	      0.00570083	      0.01378505	      0.02150485
      3.69000000	      0.00576763	      0.01386559	      0.02178993
      3.69500000	      0.00584013	      0.01395245	      0.02201420
      3.70000000	      0.00593865	      0.01406965	      0.02170976
      3.70500000	      0.00601084	      0.01415490	      0.02194524
      3.71000000	      0.00608330	      0.01423997	      0.02207376
      3.71500000	      0.00620250	      0.01437880	      0.02179561
      3.72000000	      0.00626505	      0.01445113	      0.02254239
      3.72500000	      0.00634961	      0.01454833	      0.02300877
      3.73000000	      0.00642642	      0.01463605	      0.02368196
      3.73500000	      0.00650441	      0.01472460	      0.02337837
      3.74000000	      0.00653528	      0.01475949	      0.02396999
      3.74500000	      0.00661154	      0.01484536	      0.02364895
      3.75000000	      0.00661313	      0.01484714	      0.02413243
      3.75500000	      0.00667705	      0.01491873	      0.02388171
      3.76000000	      0.00671904	      0.01496556	      0.02369700
      3.76500000	      0.00667529	      0.01491676	      0.02429696
      3.77000000	      0.00665500	      0.01489407	      0.02468417
      3.77500000	      0.00666623	      0.01490664	      0.02454314
      3.78000000	      0.00667637	      0.01491797	      0.02435926
      3.78500000	      0.00662161	      0.01485666	      0.02491950
      3.79000000	      0.00661052	      0.01484421	      0.02445594
      3.79500000	      0.00658692	      0.01481769	      0.02409761
      3.80000000	      0.00649485	      0.01471376	      0.02468002
      3.80500000	      0.00647288	      0.01468886	      0.02431011
      3.81000000	      0.00645928	      0.01467342	      0.02423426
      3.81500000	      0.00646176	      0.01467624	      0.02439098
      3.82000000	      0.00644980	      0.01466265	      0.02473793
      3.82500000	      0.00649951	      0.01471905	      0.02522376
      3.83000000	      0.00658417	      0.01481460	      0.02560892
      3.83500000	      0.00667551	      0.01491700	      0.02563748
      3.84000000	      0.00671344	      0.01495932	      0.02596914
      3.84500000	      0.00676429	      0.01501587	      0.02538310
      3.85000000	      0.00669325	      0.01493681	      0.02509512
      3.85500000	      0.00662097	      0.01485594	      0.02418262
      3.86000000	      0.00647175	      0.01468758	      0.02352461
      3.86500000	      0.00627161	      0.01445869	      0.02218602
      3.87000000	      0.00607622	      0.01423167	      0.02187388
      3.87500000	      0.00590683	      0.01403191	      0.02157019
      3.88000000	      0.00576007	      0.01385650	      0.02129830
      3.88500000	      0.00565074	      0.01372436	      0.02117024
      3.89000000	      0.00559530	      0.01365686	      0.02174143
      3.89500000	      0.00556909	      0.01362485	      0.02164919
      3.90000000	      0.00561405	      0.01367973	      0.02209891
      3.90500000	      0.00569082	      0.01377295	      0.02219354
      3.91000000	      0.00578692	      0.01388875	      0.02214220
      3.91500000	      0.00583448	      0.01394570	      0.02133096
      3.92000000	      0.00598975	      0.01413005	      0.02135038
      3.92500000	      0.00611740	      0.01427983	      0.02113320
      3.93000000	      0.00624244	      0.01442502	      0.02094391
      3.93500000	      0.00636400	      0.01456479	      0.02093791
      3.94000000	      0.00644398	      0.01465604	      0.02130995
      3.94500000	      0.00647660	      0.01469309	      0.02142696
      3.95000000	      0.00648235	      0.01469960	      0.02169122
      3.95500000	      0.00646002	      0.01467426	      0.02158844
      3.96000000	      0.00642867	      0.01463862	      0.02148172
      3.96500000	      0.00634739	      0.01454578	      0.02155769
      3.97000000	      0.00629601	      0.01448678	      0.02135984
      3.97500000	      0.00624839	      0.01443189	      0.02128595
      3.98000000	      0.00621422	      0.01439238	      0.02120021
      3.98500000	      0.00614858	      0.01431617	      0.02168842
      3.99000000	      0.00615843	      0.01432763	      0.02153736
      3.99500000	      0.00613747	      0.01430323	      0.02183179
      4.00000000	      0.00613741	      0.01430315	      0.02257206
      4.00500000	      0.00616206	      0.01433185	      0.02251005
      4.01000000	      0.00616535	      0.01433568	      0.02336380
      4.01500000	      0.00619550	      0.01437069	      0.02336373
      4.02000000	      0.00621755	      0.01439624	      0.02342456
      4.02500000	      0.00625713	      0.01444199	      0.02342618
      4.03000000	      0.00627835	      0.01446645	      0.02351730
      4.03500000	      0.00629581	      0.01448655	      0.02359250
      4.04000000	      0.00629800	      0.01448907	      0.02395052
      4.04500000	      0.00630023	      0.01449164	      0.02397537
      4.05000000	      0.00628727	      0.01447673	      0.02386804
      4.05500000	      0.00628177	      0.01447039	      0.02393206
      4.06000000	      0.00627011	      0.01445695	      0.02384995
      4.06500000	      0.00626554	      0.01445169	      0.02375449
      4.07000000	      0.00624745	      0.01443082	      0.02380571
      4.07500000	      0.00624613	      0.01442929	      0.02372753
      4.08000000	      0.00626098	      0.01444642	      0.02367220
      4.08500000	      0.00626884	      0.01445549	      0.02360516
      4.09000000	      0.00627369	      0.01446109	      0.02361730
      4.09500000	      0.00625576	      0.01444041	      0.02337807
      4.10000000	      0.00626867	      0.01445529	      0.02342246
      4.10500000	      0.00627447	      0.01446198	      0.02340598
      4.11000000	      0.00627016	      0.01445701	      0.02336532
      4.11500000	      0.00625874	      0.01444385	      0.02323985
      4.12000000	      0.00624103	      0.01442340	      0.02312117
      4.12500000	      0.00621989	      0.01439895	      0.02296570
      4.13000000	      0.00619823	      0.01437385	      0.02280229
      4.13500000	      0.00617951	      0.01435213	      0.02276140
      4.14000000	      0.00612945	      0.01429388	      0.02351380
      4.14500000	      0.00612866	      0.01429296	      0.02337021
      4.15000000	      0.00613862	      0.01430457	      0.02323991
      4.15500000	      0.00614089	      0.01430721	      0.02344502
      4.16000000	      0.00615729	      0.01432630	      0.02329078
      4.16500000	      0.00618309	      0.01435629	      0.02314340
      4.17000000	      0.00621141	      0.01438913	      0.02303621
      4.17500000	      0.00620879	      0.01438609	      0.02311268
      4.18000000	      0.00623189	      0.01441283	      0.02299024
      4.18500000	      0.00625417	      0.01443857	      0.02289451
      4.19000000	      0.00627116	      0.01445817	      0.02308012
      4.19500000	      0.00630623	      0.01449854	      0.02277697
      4.20000000	      0.00630022	      0.01449163	      0.02303959
      4.20500000	      0.00628207	      0.01447074	      0.02290979
      4.21000000	      0.00625476	      0.01443925	      0.02279726
      4.21500000	      0.00620511	      0.01438183	      0.02271951
      4.22000000	      0.00608204	      0.01423849	      0.02284430
      4.22500000	      0.00599863	      0.01414052	      0.02269776
      4.23000000	      0.00592162	      0.01404946	      0.02252496
      4.23500000	      0.00584490	      0.01395815	      0.02235793
      4.24000000	      0.00576382	      0.01386100	      0.02215522
      4.24500000	      0.00568616	      0.01376730	      0.02199576
