Model Marker Errors from IK
version=1
nRows=749
nColumns=4
inDegrees=no
endheader
time	total_squared_error	marker_error_RMS	marker_error_max
      0.00000000	      0.00623842	      0.01442038	      0.02127290
      0.00500000	      0.00642682	      0.01463651	      0.02231283
      0.01000000	      0.00658293	      0.01481320	      0.02362203
      0.01500000	      0.00670327	      0.01494798	      0.02420381
      0.02000000	      0.00686644	      0.01512883	      0.02478505
      0.02500000	      0.00700073	      0.01527605	      0.02485242
      0.03000000	      0.00707856	      0.01536073	      0.02520518
      0.03500000	      0.00727239	      0.01556962	      0.02495738
      0.04000000	      0.00735137	      0.01565394	      0.02487853
      0.04500000	      0.00754123	      0.01585479	      0.02464688
      0.05000000	      0.00758756	      0.01590342	      0.02467700
      0.05500000	      0.00757420	      0.01588941	      0.02504600
      0.06000000	      0.00761216	      0.01592918	      0.02486580
      0.06500000	      0.00771881	      0.01604038	      0.02485534
      0.07000000	      0.00764448	      0.01596296	      0.02421028
      0.07500000	      0.00763424	      0.01595226	      0.02435178
      0.08000000	      0.00754038	      0.01585389	      0.02393878
      0.08500000	      0.00749070	      0.01580158	      0.02387100
      0.09000000	      0.00733798	      0.01563967	      0.02363045
      0.09500000	      0.00725705	      0.01555319	      0.02338701
      0.10000000	      0.00716087	      0.01544978	      0.02346935
      0.10500000	      0.00706867	      0.01535000	      0.02419053
      0.11000000	      0.00702547	      0.01530302	      0.02448640
      0.11500000	      0.00703426	      0.01531258	      0.02439953
      0.12000000	      0.00709421	      0.01537770	      0.02476598
      0.12500000	      0.00722176	      0.01551533	      0.02476297
      0.13000000	      0.00739266	      0.01569783	      0.02492267
      0.13500000	      0.00758166	      0.01589723	      0.02488016
      0.14000000	      0.00769700	      0.01601770	      0.02528553
      0.14500000	      0.00784191	      0.01616778	      0.02665942
      0.15000000	      0.00790400	      0.01623165	      0.02765238
      0.15500000	      0.00781392	      0.01613890	      0.02753715
      0.16000000	      0.00765109	      0.01596986	      0.02761762
      0.16500000	      0.00742639	      0.01573361	      0.02711063
      0.17000000	      0.00719240	      0.01548375	      0.02598878
      0.17500000	      0.00684678	      0.01510715	      0.02437139
      0.18000000	      0.00658692	      0.01481769	      0.02313665
      0.18500000	      0.00631666	      0.01451052	      0.02152423
      0.19000000	      0.00612980	      0.01429429	      0.02128485
      0.19500000	      0.00598076	      0.01411945	      0.02153576
      0.20000000	      0.00596074	      0.01409579	      0.02147864
      0.20500000	      0.00591671	      0.01404364	      0.02141881
      0.21000000	      0.00591274	      0.01403893	      0.02165362
      0.21500000	      0.00601787	      0.01416318	      0.02210950
      0.22000000	      0.00609878	      0.01425807	      0.02288600
      0.22500000	      0.00618876	      0.01436287	      0.02379938
      0.23000000	      0.00630447	      0.01449652	      0.02457181
      0.23500000	      0.00638846	      0.01459276	      0.02522718
      0.24000000	      0.00649218	      0.01471075	      0.02570603
      0.24500000	      0.00655104	      0.01477728	      0.02613304
      0.25000000	      0.00661482	      0.01484904	      0.02613518
      0.25500000	      0.00662801	      0.01486384	      0.02607008
      0.26000000	      0.00665747	      0.01489683	      0.02565829
      0.26500000	      0.00663105	      0.01486725	      0.02518599
      0.27000000	      0.00662691	      0.01486261	      0.02455974
      0.27500000	      0.00657811	      0.01480778	      0.02384669
      0.28000000	      0.00654936	      0.01477539	      0.02332977
      0.28500000	      0.00657266	      0.01480165	      0.02329329
      0.29000000	      0.00647706	      0.01469360	      0.02349008
      0.29500000	      0.00649802	      0.01471736	      0.02326250
      0.30000000	      0.00650711	      0.01472765	      0.02305739
      0.30500000	      0.00650299	      0.01472298	      0.02310392
      0.31000000	      0.00651889	      0.01474098	      0.02320129
      0.31500000	      0.00650928	      0.01473011	      0.02388572
      0.32000000	      0.00657805	      0.01480771	      0.02421016
      0.32500000	      0.00659622	      0.01482815	      0.02437013
      0.33000000	      0.00663064	      0.01486679	      0.02460352
      0.33500000	      0.00667382	      0.01491512	      0.02476893
      0.34000000	      0.00665304	      0.01489187	      0.02512024
      0.34500000	      0.00666550	      0.01490582	      0.02512875
      0.35000000	      0.00666798	      0.01490859	      0.02509731
      0.35500000	      0.00666659	      0.01490704	      0.02510090
      0.36000000	      0.00664841	      0.01488669	      0.02510621
      0.36500000	      0.00660324	      0.01483604	      0.02563946
      0.37000000	      0.00660738	      0.01484068	      0.02568157
      0.37500000	      0.00667838	      0.01492021	      0.02568553
      0.38000000	      0.00661853	      0.01485320	      0.02569755
      0.38500000	      0.00669515	      0.01493893	      0.02572149
      0.39000000	      0.00669527	      0.01493907	      0.02599489
      0.39500000	      0.00667216	      0.01491326	      0.02604415
      0.40000000	      0.00668597	      0.01492868	      0.02615616
      0.40500000	      0.00669857	      0.01494274	      0.02627676
      0.41000000	      0.00671249	      0.01495826	      0.02639543
      0.41500000	      0.00666729	      0.01490781	      0.02655989
      0.42000000	      0.00668132	      0.01492350	      0.02650119
      0.42500000	      0.00669270	      0.01493620	      0.02642572
      0.43000000	      0.00670219	      0.01494678	      0.02637662
      0.43500000	      0.00671577	      0.01496192	      0.02636716
      0.44000000	      0.00667517	      0.01491662	      0.02636277
      0.44500000	      0.00667188	      0.01491295	      0.02622983
      0.45000000	      0.00667116	      0.01491214	      0.02610526
      0.45500000	      0.00666111	      0.01490090	      0.02597451
      0.46000000	      0.00665180	      0.01489049	      0.02581211
      0.46500000	      0.00665069	      0.01488924	      0.02564445
      0.47000000	      0.00662726	      0.01486300	      0.02580988
      0.47500000	      0.00662796	      0.01486378	      0.02560573
      0.48000000	      0.00664354	      0.01488125	      0.02539964
      0.48500000	      0.00668909	      0.01493216	      0.02519045
      0.49000000	      0.00671393	      0.01495987	      0.02504625
      0.49500000	      0.00673566	      0.01498405	      0.02488889
      0.50000000	      0.00677279	      0.01502531	      0.02484051
      0.50500000	      0.00678790	      0.01504206	      0.02475916
      0.51000000	      0.00679411	      0.01504893	      0.02461907
      0.51500000	      0.00680424	      0.01506014	      0.02448127
      0.52000000	      0.00681182	      0.01506853	      0.02459731
      0.52500000	      0.00676991	      0.01502211	      0.02429818
      0.53000000	      0.00674612	      0.01499568	      0.02418313
      0.53500000	      0.00666799	      0.01490860	      0.02398266
      0.54000000	      0.00666171	      0.01490157	      0.02381830
      0.54500000	      0.00663410	      0.01487066	      0.02351185
      0.55000000	      0.00664237	      0.01487993	      0.02346868
      0.55500000	      0.00664439	      0.01488219	      0.02322974
      0.56000000	      0.00667705	      0.01491873	      0.02324706
      0.56500000	      0.00672890	      0.01497653	      0.02316468
      0.57000000	      0.00673236	      0.01498039	      0.02340043
      0.57500000	      0.00668389	      0.01492637	      0.02327391
      0.58000000	      0.00660972	      0.01484332	      0.02330468
      0.58500000	      0.00645551	      0.01466914	      0.02309734
      0.59000000	      0.00632355	      0.01451844	      0.02299422
      0.59500000	      0.00617715	      0.01434939	      0.02275321
      0.60000000	      0.00603120	      0.01417886	      0.02272274
      0.60500000	      0.00593205	      0.01406183	      0.02269482
      0.61000000	      0.00574651	      0.01384018	      0.02224050
      0.61500000	      0.00566938	      0.01374698	      0.02226573
      0.62000000	      0.00562299	      0.01369061	      0.02196102
      0.62500000	      0.00559689	      0.01365881	      0.02211317
      0.63000000	      0.00554569	      0.01359619	      0.02161130
      0.63500000	      0.00557203	      0.01362844	      0.02186752
      0.64000000	      0.00559617	      0.01365793	      0.02175840
      0.64500000	      0.00559459	      0.01365599	      0.02179398
      0.65000000	      0.00563495	      0.01370517	      0.02209034
      0.65500000	      0.00561302	      0.01367848	      0.02215476
      0.66000000	      0.00560722	      0.01367140	      0.02186738
      0.66500000	      0.00558969	      0.01365002	      0.02216322
      0.67000000	      0.00560720	      0.01367138	      0.02261296
      0.67500000	      0.00560541	      0.01366919	      0.02301489
      0.68000000	      0.00549080	      0.01352873	      0.02143988
      0.68500000	      0.00547981	      0.01351518	      0.02180351
      0.69000000	      0.00545819	      0.01348851	      0.02213976
      0.69500000	      0.00543881	      0.01346454	      0.02239162
      0.70000000	      0.00535282	      0.01335767	      0.02206905
      0.70500000	      0.00536471	      0.01337250	      0.02231560
      0.71000000	      0.00530399	      0.01329660	      0.02230882
      0.71500000	      0.00529392	      0.01328398	      0.02166751
      0.72000000	      0.00528769	      0.01327615	      0.02165188
      0.72500000	      0.00533469	      0.01333502	      0.02179727
      0.73000000	      0.00528495	      0.01327272	      0.02164030
      0.73500000	      0.00528747	      0.01327587	      0.02173081
      0.74000000	      0.00529517	      0.01328554	      0.02187722
      0.74500000	      0.00530405	      0.01329667	      0.02202823
      0.75000000	      0.00530955	      0.01330357	      0.02210351
      0.75500000	      0.00532140	      0.01331841	      0.02219578
      0.76000000	      0.00533877	      0.01334012	      0.02229165
      0.76500000	      0.00535670	      0.01336251	      0.02234925
      0.77000000	      0.00537591	      0.01338645	      0.02234008
      0.77500000	      0.00539763	      0.01341346	      0.02227348
      0.78000000	      0.00542094	      0.01344240	      0.02224876
      0.78500000	      0.00544002	      0.01346603	      0.02216970
      0.79000000	      0.00546144	      0.01349251	      0.02213561
      0.79500000	      0.00548236	      0.01351833	      0.02215129
      0.80000000	      0.00551928	      0.01356377	      0.02223033
      0.80500000	      0.00552294	      0.01356828	      0.02203696
      0.81000000	      0.00556716	      0.01362248	      0.02196733
      0.81500000	      0.00556539	      0.01362032	      0.02188539
      0.82000000	      0.00561796	      0.01368449	      0.02186677
      0.82500000	      0.00563385	      0.01370384	      0.02177144
      0.83000000	      0.00565645	      0.01373129	      0.02179757
      0.83500000	      0.00572792	      0.01381776	      0.02191221
      0.84000000	      0.00571562	      0.01380292	      0.02159929
      0.84500000	      0.00578811	      0.01389018	      0.02172038
      0.85000000	      0.00577740	      0.01387732	      0.02150366
      0.85500000	      0.00579566	      0.01389923	      0.02123863
      0.86000000	      0.00581880	      0.01392695	      0.02109280
      0.86500000	      0.00584667	      0.01396026	      0.02101333
      0.87000000	      0.00588095	      0.01400113	      0.02101386
      0.87500000	      0.00599706	      0.01413867	      0.02149060
      0.88000000	      0.00597460	      0.01411217	      0.02113484
      0.88500000	      0.00609821	      0.01425740	      0.02159778
      0.89000000	      0.00609562	      0.01425439	      0.02133891
      0.89500000	      0.00616588	      0.01433629	      0.02149320
      0.90000000	      0.00622986	      0.01441048	      0.02208421
      0.90500000	      0.00632421	      0.01451919	      0.02259178
      0.91000000	      0.00645807	      0.01467205	      0.02311635
      0.91500000	      0.00658050	      0.01481047	      0.02357126
      0.92000000	      0.00671825	      0.01496468	      0.02395073
      0.92500000	      0.00685503	      0.01511625	      0.02441804
      0.93000000	      0.00701537	      0.01529201	      0.02442366
      0.93500000	      0.00716492	      0.01545415	      0.02459157
      0.94000000	      0.00732197	      0.01562260	      0.02438204
      0.94500000	      0.00745353	      0.01576232	      0.02461768
      0.95000000	      0.00755755	      0.01587193	      0.02502897
      0.95500000	      0.00763712	      0.01595527	      0.02499078
      0.96000000	      0.00777142	      0.01609495	      0.02497123
      0.96500000	      0.00776756	      0.01609095	      0.02464169
      0.97000000	      0.00780827	      0.01613306	      0.02504337
      0.97500000	      0.00776535	      0.01608866	      0.02477208
      0.98000000	      0.00771820	      0.01603974	      0.02483859
      0.98500000	      0.00768624	      0.01600650	      0.02500110
      0.99000000	      0.00763122	      0.01594910	      0.02497775
      0.99500000	      0.00750525	      0.01581692	      0.02478333
      1.00000000	      0.00739280	      0.01569798	      0.02478774
      1.00500000	      0.00726102	      0.01555744	      0.02535211
      1.01000000	      0.00713076	      0.01541726	      0.02523310
      1.01500000	      0.00704527	      0.01532456	      0.02548220
      1.02000000	      0.00699485	      0.01526963	      0.02549642
      1.02500000	      0.00692034	      0.01518809	      0.02539608
      1.03000000	      0.00694083	      0.01521056	      0.02524178
      1.03500000	      0.00696556	      0.01523763	      0.02538157
      1.04000000	      0.00703062	      0.01530862	      0.02499538
      1.04500000	      0.00710402	      0.01538833	      0.02498170
      1.05000000	      0.00713997	      0.01542721	      0.02523852
      1.05500000	      0.00716890	      0.01545843	      0.02483371
      1.06000000	      0.00712958	      0.01541599	      0.02497502
      1.06500000	      0.00708130	      0.01536370	      0.02440455
      1.07000000	      0.00696037	      0.01523195	      0.02438709
      1.07500000	      0.00684561	      0.01510586	      0.02450680
      1.08000000	      0.00669839	      0.01494255	      0.02460603
      1.08500000	      0.00655720	      0.01478423	      0.02469309
      1.09000000	      0.00643514	      0.01464597	      0.02481563
      1.09500000	      0.00634964	      0.01454835	      0.02522621
      1.10000000	      0.00628882	      0.01447852	      0.02511051
      1.10500000	      0.00624931	      0.01443296	      0.02554424
      1.11000000	      0.00625698	      0.01444182	      0.02598589
      1.11500000	      0.00629910	      0.01449034	      0.02634819
      1.12000000	      0.00637815	      0.01458098	      0.02675817
      1.12500000	      0.00646918	      0.01468466	      0.02710240
      1.13000000	      0.00656492	      0.01479293	      0.02729817
      1.13500000	      0.00666024	      0.01489994	      0.02728306
      1.14000000	      0.00677444	      0.01502713	      0.02756983
      1.14500000	      0.00685425	      0.01511539	      0.02749014
      1.15000000	      0.00686779	      0.01513031	      0.02705205
      1.15500000	      0.00693597	      0.01520523	      0.02706932
      1.16000000	      0.00698808	      0.01526224	      0.02702623
      1.16500000	      0.00697826	      0.01525152	      0.02663143
      1.17000000	      0.00699395	      0.01526865	      0.02625631
      1.17500000	      0.00700895	      0.01528501	      0.02631515
      1.18000000	      0.00696346	      0.01523534	      0.02518729
      1.18500000	      0.00697631	      0.01524939	      0.02500912
      1.19000000	      0.00696999	      0.01524248	      0.02472314
      1.19500000	      0.00696597	      0.01523807	      0.02461785
      1.20000000	      0.00698785	      0.01526199	      0.02482715
      1.20500000	      0.00699351	      0.01526816	      0.02508544
      1.21000000	      0.00702706	      0.01530475	      0.02524321
      1.21500000	      0.00704861	      0.01532820	      0.02543455
      1.22000000	      0.00709656	      0.01538025	      0.02566107
      1.22500000	      0.00702411	      0.01530154	      0.02535435
      1.23000000	      0.00706774	      0.01534899	      0.02554257
      1.23500000	      0.00708780	      0.01537075	      0.02555692
      1.24000000	      0.00713303	      0.01541972	      0.02571259
      1.24500000	      0.00713996	      0.01542721	      0.02553664
      1.25000000	      0.00713567	      0.01542257	      0.02532407
      1.25500000	      0.00713712	      0.01542414	      0.02505197
      1.26000000	      0.00712868	      0.01541501	      0.02495001
      1.26500000	      0.00711815	      0.01540362	      0.02486765
      1.27000000	      0.00709947	      0.01538340	      0.02517125
      1.27500000	      0.00707640	      0.01535838	      0.02506564
      1.28000000	      0.00706628	      0.01534740	      0.02488563
      1.28500000	      0.00697462	      0.01524754	      0.02606071
      1.29000000	      0.00698426	      0.01525807	      0.02618232
      1.29500000	      0.00699132	      0.01526578	      0.02627856
      1.30000000	      0.00701548	      0.01529213	      0.02642537
      1.30500000	      0.00701200	      0.01528834	      0.02680626
      1.31000000	      0.00705232	      0.01533223	      0.02689305
      1.31500000	      0.00707609	      0.01535805	      0.02696387
      1.32000000	      0.00706971	      0.01535112	      0.02747603
      1.32500000	      0.00705018	      0.01532991	      0.02791497
      1.33000000	      0.00707584	      0.01535778	      0.02769752
      1.33500000	      0.00702987	      0.01530781	      0.02852467
      1.34000000	      0.00703639	      0.01531491	      0.02835683
      1.34500000	      0.00704439	      0.01532361	      0.02823334
      1.35000000	      0.00708614	      0.01536895	      0.02823929
      1.35500000	      0.00709230	      0.01537563	      0.02813846
      1.36000000	      0.00708965	      0.01537276	      0.02802814
      1.36500000	      0.00707496	      0.01535682	      0.02821350
      1.37000000	      0.00706987	      0.01535130	      0.02806435
      1.37500000	      0.00707523	      0.01535712	      0.02789779
      1.38000000	      0.00711854	      0.01540404	      0.02790543
      1.38500000	      0.00711321	      0.01539827	      0.02765177
      1.39000000	      0.00713286	      0.01541953	      0.02741186
      1.39500000	      0.00720985	      0.01550253	      0.02738770
      1.40000000	      0.00721256	      0.01550544	      0.02775619
      1.40500000	      0.00722538	      0.01551922	      0.02804446
      1.41000000	      0.00725136	      0.01554709	      0.02760278
      1.41500000	      0.00723822	      0.01553299	      0.02772305
      1.42000000	      0.00725551	      0.01555154	      0.02801546
      1.42500000	      0.00719247	      0.01548383	      0.02740464
      1.43000000	      0.00719961	      0.01549151	      0.02776313
      1.43500000	      0.00714069	      0.01542800	      0.02771336
      1.44000000	      0.00709856	      0.01538242	      0.02757242
      1.44500000	      0.00703580	      0.01531426	      0.02738601
      1.45000000	      0.00695081	      0.01522148	      0.02627649
      1.45500000	      0.00687135	      0.01513423	      0.02617527
      1.46000000	      0.00679663	      0.01505173	      0.02592887
      1.46500000	      0.00672388	      0.01497095	      0.02574192
      1.47000000	      0.00665999	      0.01489965	      0.02554806
      1.47500000	      0.00661128	      0.01484507	      0.02540562
      1.48000000	      0.00658418	      0.01481461	      0.02525010
      1.48500000	      0.00659166	      0.01482302	      0.02555962
      1.49000000	      0.00659873	      0.01483097	      0.02546495
      1.49500000	      0.00665411	      0.01489308	      0.02525129
      1.50000000	      0.00667490	      0.01491632	      0.02516997
      1.50500000	      0.00669232	      0.01493577	      0.02503741
      1.51000000	      0.00664259	      0.01488017	      0.02573971
      1.51500000	      0.00651566	      0.01473732	      0.02589109
      1.52000000	      0.00638201	      0.01458540	      0.02547376
      1.52500000	      0.00623135	      0.01441220	      0.02490378
      1.53000000	      0.00606823	      0.01422232	      0.02426547
      1.53500000	      0.00586774	      0.01398540	      0.02454234
      1.54000000	      0.00569283	      0.01377538	      0.02362278
      1.54500000	      0.00550879	      0.01355089	      0.02402556
      1.55000000	      0.00540448	      0.01342197	      0.02307081
      1.55500000	      0.00525476	      0.01323475	      0.02268320
      1.56000000	      0.00520439	      0.01317116	      0.02162835
      1.56500000	      0.00514471	      0.01309543	      0.02157096
      1.57000000	      0.00513901	      0.01308817	      0.02186379
      1.57500000	      0.00514291	      0.01309314	      0.02173047
      1.58000000	      0.00519322	      0.01315702	      0.02202963
      1.58500000	      0.00524208	      0.01321878	      0.02241074
      1.59000000	      0.00533695	      0.01333785	      0.02309572
      1.59500000	      0.00535152	      0.01335605	      0.02317744
      1.60000000	      0.00543872	      0.01346443	      0.02384659
      1.60500000	      0.00549068	      0.01352858	      0.02438742
      1.61000000	      0.00540544	      0.01342316	      0.02265828
      1.61500000	      0.00542844	      0.01345170	      0.02263363
      1.62000000	      0.00543374	      0.01345826	      0.02284608
      1.62500000	      0.00543100	      0.01345486	      0.02308685
      1.63000000	      0.00542231	      0.01344409	      0.02321872
      1.63500000	      0.00535229	      0.01335701	      0.02295466
      1.64000000	      0.00533116	      0.01333061	      0.02283209
      1.64500000	      0.00536114	      0.01336804	      0.02284886
      1.65000000	      0.00530751	      0.01330102	      0.02339131
      1.65500000	      0.00534526	      0.01334823	      0.02350376
      1.66000000	      0.00530318	      0.01329559	      0.02350248
      1.66500000	      0.00531014	      0.01330431	      0.02362200
      1.67000000	      0.00532263	      0.01331995	      0.02385392
      1.67500000	      0.00533270	      0.01333254	      0.02395981
      1.68000000	      0.00533698	      0.01333789	      0.02410530
      1.68500000	      0.00534006	      0.01334174	      0.02434471
      1.69000000	      0.00533202	      0.01333169	      0.02451118
      1.69500000	      0.00532652	      0.01332482	      0.02474953
      1.70000000	      0.00530888	      0.01330273	      0.02490038
      1.70500000	      0.00528957	      0.01327851	      0.02487689
      1.71000000	      0.00527714	      0.01326290	      0.02481073
      1.71500000	      0.00529091	      0.01328019	      0.02492840
      1.72000000	      0.00521787	      0.01318822	      0.02454243
      1.72500000	      0.00523151	      0.01320544	      0.02452895
      1.73000000	      0.00517949	      0.01313963	      0.02417600
      1.73500000	      0.00517920	      0.01313926	      0.02404225
      1.74000000	      0.00515530	      0.01310890	      0.02377687
      1.74500000	      0.00514802	      0.01309964	      0.02355362
      1.75000000	      0.00514259	      0.01309273	      0.02331526
      1.75500000	      0.00515127	      0.01310378	      0.02315554
      1.76000000	      0.00521484	      0.01318438	      0.02305637
      1.76500000	      0.00517617	      0.01313542	      0.02279205
      1.77000000	      0.00518480	      0.01314636	      0.02246409
      1.77500000	      0.00520534	      0.01317237	      0.02246487
      1.78000000	      0.00521815	      0.01318857	      0.02226891
      1.78500000	      0.00522661	      0.01319926	      0.02211934
      1.79000000	      0.00526230	      0.01324424	      0.02203255
      1.79500000	      0.00529755	      0.01328852	      0.02190020
      1.80000000	      0.00533937	      0.01334087	      0.02173319
      1.80500000	      0.00539348	      0.01340831	      0.02189279
      1.81000000	      0.00545252	      0.01348149	      0.02171769
      1.81500000	      0.00546933	      0.01350226	      0.02125533
      1.82000000	      0.00556863	      0.01362428	      0.02147383
      1.82500000	      0.00568806	      0.01376961	      0.02234283
      1.83000000	      0.00583195	      0.01394268	      0.02317975
      1.83500000	      0.00599034	      0.01413075	      0.02395834
      1.84000000	      0.00617864	      0.01435112	      0.02473707
      1.84500000	      0.00636201	      0.01456252	      0.02520387
      1.85000000	      0.00656872	      0.01479721	      0.02572827
      1.85500000	      0.00677387	      0.01502650	      0.02567509
      1.86000000	      0.00697363	      0.01524646	      0.02574518
      1.86500000	      0.00715957	      0.01544838	      0.02564584
      1.87000000	      0.00734106	      0.01564296	      0.02623134
      1.87500000	      0.00730035	      0.01559951	      0.02647228
      1.88000000	      0.00737471	      0.01567876	      0.02626453
      1.88500000	      0.00741254	      0.01571893	      0.02601766
      1.89000000	      0.00742515	      0.01573230	      0.02554001
      1.89500000	      0.00738206	      0.01568657	      0.02504579
      1.90000000	      0.00727637	      0.01557388	      0.02464931
      1.90500000	      0.00720176	      0.01549383	      0.02416319
      1.91000000	      0.00709446	      0.01537797	      0.02375433
      1.91500000	      0.00696288	      0.01523470	      0.02363759
      1.92000000	      0.00683484	      0.01509398	      0.02349929
      1.92500000	      0.00667440	      0.01491576	      0.02389360
      1.93000000	      0.00655931	      0.01478661	      0.02425251
      1.93500000	      0.00643210	      0.01464252	      0.02414436
      1.94000000	      0.00633940	      0.01453662	      0.02406109
      1.94500000	      0.00631435	      0.01450787	      0.02430461
      1.95000000	      0.00631149	      0.01450459	      0.02433089
      1.95500000	      0.00637439	      0.01457668	      0.02418123
      1.96000000	      0.00647492	      0.01469118	      0.02449382
      1.96500000	      0.00656761	      0.01479596	      0.02457296
      1.97000000	      0.00667507	      0.01491651	      0.02447262
      1.97500000	      0.00678982	      0.01504418	      0.02450422
      1.98000000	      0.00687716	      0.01514063	      0.02544594
      1.98500000	      0.00686120	      0.01512306	      0.02570828
      1.99000000	      0.00683372	      0.01509274	      0.02607266
      1.99500000	      0.00679555	      0.01505053	      0.02615013
      2.00000000	      0.00670654	      0.01495163	      0.02545280
      2.00500000	      0.00657416	      0.01480333	      0.02487272
      2.01000000	      0.00644680	      0.01465924	      0.02378193
      2.01500000	      0.00636811	      0.01456950	      0.02298702
      2.02000000	      0.00627863	      0.01446678	      0.02199758
      2.02500000	      0.00624215	      0.01442469	      0.02196665
      2.03000000	      0.00619305	      0.01436785	      0.02216856
      2.03500000	      0.00622609	      0.01440612	      0.02207488
      2.04000000	      0.00628625	      0.01447556	      0.02259081
      2.04500000	      0.00633265	      0.01452887	      0.02272317
      2.05000000	      0.00640705	      0.01461398	      0.02294798
      2.05500000	      0.00652406	      0.01474682	      0.02359765
      2.06000000	      0.00655500	      0.01478175	      0.02368580
      2.06500000	      0.00663161	      0.01486788	      0.02383369
      2.07000000	      0.00671550	      0.01496162	      0.02375762
      2.07500000	      0.00672144	      0.01496823	      0.02411260
      2.08000000	      0.00676169	      0.01501299	      0.02386526
      2.08500000	      0.00679590	      0.01505091	      0.02382836
      2.09000000	      0.00672927	      0.01497695	      0.02363310
      2.09500000	      0.00674077	      0.01498974	      0.02369306
      2.10000000	      0.00670814	      0.01495342	      0.02374188
      2.10500000	      0.00670445	      0.01494931	      0.02363879
      2.11000000	      0.00668380	      0.01492627	      0.02357829
      2.11500000	      0.00662162	      0.01485668	      0.02349244
      2.12000000	      0.00661204	      0.01484592	      0.02351316
      2.12500000	      0.00657274	      0.01480173	      0.02346147
      2.13000000	      0.00655724	      0.01478427	      0.02339960
      2.13500000	      0.00655104	      0.01477727	      0.02342485
      2.14000000	      0.00656072	      0.01478819	      0.02351053
      2.14500000	      0.00654779	      0.01477361	      0.02336129
      2.15000000	      0.00655224	      0.01477863	      0.02321849
      2.15500000	      0.00654721	      0.01477296	      0.02378534
      2.16000000	      0.00656228	      0.01478996	      0.02407739
      2.16500000	      0.00659640	      0.01482836	      0.02441317
      2.17000000	      0.00659924	      0.01483154	      0.02458330
      2.17500000	      0.00662753	      0.01486330	      0.02481201
      2.18000000	      0.00662171	      0.01485677	      0.02480921
      2.18500000	      0.00670267	      0.01494732	      0.02523982
      2.19000000	      0.00662957	      0.01486558	      0.02497390
      2.19500000	      0.00663210	      0.01486843	      0.02486639
      2.20000000	      0.00664623	      0.01488426	      0.02473403
      2.20500000	      0.00665619	      0.01489540	      0.02538248
      2.21000000	      0.00667155	      0.01491258	      0.02552773
      2.21500000	      0.00671079	      0.01495636	      0.02589593
      2.22000000	      0.00673032	      0.01497811	      0.02595836
      2.22500000	      0.00677062	      0.01502289	      0.02602327
      2.23000000	      0.00682865	      0.01508714	      0.02606171
      2.23500000	      0.00688966	      0.01515439	      0.02596088
      2.24000000	      0.00690906	      0.01517570	      0.02647485
      2.24500000	      0.00698673	      0.01526077	      0.02628601
      2.25000000	      0.00706385	      0.01534476	      0.02635645
      2.25500000	      0.00712550	      0.01541158	      0.02632713
      2.26000000	      0.00716677	      0.01545614	      0.02636643
      2.26500000	      0.00723295	      0.01552734	      0.02634328
      2.27000000	      0.00731886	      0.01561929	      0.02625015
      2.27500000	      0.00734940	      0.01565184	      0.02631752
      2.28000000	      0.00740542	      0.01571138	      0.02637204
      2.28500000	      0.00739217	      0.01569731	      0.02624637
      2.29000000	      0.00743568	      0.01574344	      0.02618007
      2.29500000	      0.00747647	      0.01578657	      0.02621172
      2.30000000	      0.00746950	      0.01577921	      0.02587142
      2.30500000	      0.00751940	      0.01583182	      0.02589941
      2.31000000	      0.00748301	      0.01579347	      0.02551925
      2.31500000	      0.00752073	      0.01583323	      0.02561201
      2.32000000	      0.00748499	      0.01579556	      0.02549094
      2.32500000	      0.00747913	      0.01578937	      0.02537209
      2.33000000	      0.00747045	      0.01578021	      0.02533847
      2.33500000	      0.00744102	      0.01574910	      0.02523482
      2.34000000	      0.00734300	      0.01564502	      0.02471510
      2.34500000	      0.00730618	      0.01560575	      0.02473248
      2.35000000	      0.00730646	      0.01560605	      0.02442165
      2.35500000	      0.00720712	      0.01549959	      0.02450553
      2.36000000	      0.00715656	      0.01544513	      0.02421340
      2.36500000	      0.00709336	      0.01537678	      0.02425585
      2.37000000	      0.00703856	      0.01531727	      0.02425235
      2.37500000	      0.00698367	      0.01525743	      0.02416138
      2.38000000	      0.00688476	      0.01514900	      0.02462767
      2.38500000	      0.00679652	      0.01505160	      0.02451359
      2.39000000	      0.00671762	      0.01496397	      0.02439273
      2.39500000	      0.00659794	      0.01483009	      0.02415770
      2.40000000	      0.00652620	      0.01474923	      0.02416967
      2.40500000	      0.00642007	      0.01462882	      0.02412903
      2.41000000	      0.00636690	      0.01456811	      0.02413567
      2.41500000	      0.00635248	      0.01455160	      0.02408673
      2.42000000	      0.00631560	      0.01450931	      0.02376086
      2.42500000	      0.00631606	      0.01450984	      0.02383340
      2.43000000	      0.00634240	      0.01454006	      0.02372462
      2.43500000	      0.00633925	      0.01453645	      0.02375206
      2.44000000	      0.00628341	      0.01447229	      0.02332693
      2.44500000	      0.00627054	      0.01445746	      0.02340136
      2.45000000	      0.00620870	      0.01438598	      0.02332103
      2.45500000	      0.00611373	      0.01427553	      0.02286267
      2.46000000	      0.00603318	      0.01418118	      0.02279049
      2.46500000	      0.00584966	      0.01396384	      0.02219816
      2.47000000	      0.00573779	      0.01382967	      0.02174565
      2.47500000	      0.00551037	      0.01355282	      0.02145140
      2.48000000	      0.00538516	      0.01339796	      0.02123807
      2.48500000	      0.00518503	      0.01314664	      0.02099781
      2.49000000	      0.00509018	      0.01302585	      0.02108946
      2.49500000	      0.00502320	      0.01293986	      0.02127018
      2.50000000	      0.00498209	      0.01288681	      0.02141471
      2.50500000	      0.00496875	      0.01286954	      0.02145505
      2.51000000	      0.00496378	      0.01286310	      0.02153897
      2.51500000	      0.00499994	      0.01290986	      0.02204730
      2.52000000	      0.00500230	      0.01291291	      0.02211300
      2.52500000	      0.00507790	      0.01301012	      0.02259716
      2.53000000	      0.00504114	      0.01296294	      0.02158753
      2.53500000	      0.00505981	      0.01298693	      0.02197059
      2.54000000	      0.00506420	      0.01299256	      0.02226661
      2.54500000	      0.00506265	      0.01299057	      0.02240875
      2.55000000	      0.00509944	      0.01303769	      0.02280465
      2.55500000	      0.00504535	      0.01296837	      0.02250518
      2.56000000	      0.00506998	      0.01299997	      0.02274210
      2.56500000	      0.00502137	      0.01293750	      0.02253086
      2.57000000	      0.00504664	      0.01297002	      0.02261987
      2.57500000	      0.00498953	      0.01289642	      0.02256855
      2.58000000	      0.00498108	      0.01288549	      0.02272447
      2.58500000	      0.00502465	      0.01294173	      0.02288906
      2.59000000	      0.00499012	      0.01289718	      0.02302111
      2.59500000	      0.00500392	      0.01291500	      0.02320165
      2.60000000	      0.00502808	      0.01294614	      0.02340213
      2.60500000	      0.00504915	      0.01297324	      0.02358068
      2.61000000	      0.00507236	      0.01300303	      0.02369492
      2.61500000	      0.00509298	      0.01302943	      0.02387815
      2.62000000	      0.00510750	      0.01304799	      0.02399593
      2.62500000	      0.00509863	      0.01303665	      0.02433035
      2.63000000	      0.00509686	      0.01303439	      0.02441582
      2.63500000	      0.00509022	      0.01302590	      0.02449627
      2.64000000	      0.00508225	      0.01301570	      0.02453912
      2.64500000	      0.00507563	      0.01300721	      0.02456435
      2.65000000	      0.00506840	      0.01299795	      0.02453969
      2.65500000	      0.00506533	      0.01299401	      0.02446953
      2.66000000	      0.00507189	      0.01300242	      0.02447999
      2.66500000	      0.00511882	      0.01306245	      0.02424266
      2.67000000	      0.00512354	      0.01306846	      0.02419498
      2.67500000	      0.00519568	      0.01316014	      0.02398176
      2.68000000	      0.00519212	      0.01315564	      0.02372049
      2.68500000	      0.00528002	      0.01326653	      0.02356144
      2.69000000	      0.00526739	      0.01325065	      0.02340856
      2.69500000	      0.00534669	      0.01335002	      0.02312114
      2.70000000	      0.00542554	      0.01344810	      0.02303852
      2.70500000	      0.00552495	      0.01357074	      0.02281599
      2.71000000	      0.00562695	      0.01369543	      0.02262264
      2.71500000	      0.00570008	      0.01378414	      0.02256758
      2.72000000	      0.00581539	      0.01392287	      0.02241405
      2.72500000	      0.00592774	      0.01405671	      0.02275973
      2.73000000	      0.00604050	      0.01418979	      0.02320970
      2.73500000	      0.00616209	      0.01433188	      0.02369172
      2.74000000	      0.00621777	      0.01439649	      0.02337409
      2.74500000	      0.00635192	      0.01455097	      0.02386171
      2.75000000	      0.00649502	      0.01471396	      0.02431909
      2.75500000	      0.00656784	      0.01479621	      0.02426980
      2.76000000	      0.00670542	      0.01495038	      0.02491404
      2.76500000	      0.00679291	      0.01504761	      0.02505629
      2.77000000	      0.00693545	      0.01520466	      0.02552892
      2.77500000	      0.00708013	      0.01536243	      0.02602359
      2.78000000	      0.00715455	      0.01544296	      0.02586557
      2.78500000	      0.00727324	      0.01557053	      0.02638621
      2.79000000	      0.00740801	      0.01571412	      0.02680249
      2.79500000	      0.00753513	      0.01584837	      0.02656032
      2.80000000	      0.00760983	      0.01592674	      0.02714348
      2.80500000	      0.00764943	      0.01596812	      0.02668439
      2.81000000	      0.00769056	      0.01601100	      0.02717289
      2.81500000	      0.00771898	      0.01604055	      0.02732938
      2.82000000	      0.00776719	      0.01609057	      0.02755666
      2.82500000	      0.00772151	      0.01604318	      0.02750081
      2.83000000	      0.00770046	      0.01602129	      0.02761512
      2.83500000	      0.00752036	      0.01583283	      0.02652980
      2.84000000	      0.00747361	      0.01578354	      0.02627075
      2.84500000	      0.00740189	      0.01570763	      0.02592495
      2.85000000	      0.00728227	      0.01558019	      0.02607679
      2.85500000	      0.00720197	      0.01549405	      0.02579918
      2.86000000	      0.00717963	      0.01547000	      0.02594417
      2.86500000	      0.00709545	      0.01537904	      0.02564558
      2.87000000	      0.00704790	      0.01532742	      0.02521440
      2.87500000	      0.00705602	      0.01533625	      0.02526159
      2.88000000	      0.00708399	      0.01536662	      0.02580110
      2.88500000	      0.00719461	      0.01548614	      0.02554849
      2.89000000	      0.00730781	      0.01560749	      0.02638885
      2.89500000	      0.00747238	      0.01578224	      0.02587055
      2.90000000	      0.00759463	      0.01591083	      0.02566231
      2.90500000	      0.00766776	      0.01598724	      0.02541260
      2.91000000	      0.00766602	      0.01598544	      0.02593459
      2.91500000	      0.00760629	      0.01592304	      0.02563901
      2.92000000	      0.00747457	      0.01578456	      0.02577995
      2.92500000	      0.00730811	      0.01560781	      0.02570902
      2.93000000	      0.00712460	      0.01541060	      0.02579578
      2.93500000	      0.00692279	      0.01519078	      0.02574709
      2.94000000	      0.00676391	      0.01501545	      0.02565648
      2.94500000	      0.00663945	      0.01487665	      0.02554632
      2.95000000	      0.00659861	      0.01483083	      0.02542200
      2.95500000	      0.00660854	      0.01484199	      0.02540041
      2.96000000	      0.00666789	      0.01490849	      0.02535622
      2.96500000	      0.00673968	      0.01498853	      0.02540044
      2.97000000	      0.00681936	      0.01507687	      0.02534701
      2.97500000	      0.00693826	      0.01520774	      0.02536672
      2.98000000	      0.00706587	      0.01534696	      0.02540884
      2.98500000	      0.00712733	      0.01541355	      0.02569408
      2.99000000	      0.00715697	      0.01544557	      0.02564072
      2.99500000	      0.00715499	      0.01544344	      0.02565707
      3.00000000	      0.00712431	      0.01541029	      0.02569309
      3.00500000	      0.00712085	      0.01540655	      0.02592964
      3.01000000	      0.00717245	      0.01546226	      0.02616822
      3.01500000	      0.00718524	      0.01547605	      0.02592828
      3.02000000	      0.00718739	      0.01547836	      0.02617888
      3.02500000	      0.00721968	      0.01551309	      0.02631820
      3.03000000	      0.00718523	      0.01547604	      0.02622714
      3.03500000	      0.00718667	      0.01547759	      0.02632892
      3.04000000	      0.00720744	      0.01549993	      0.02622867
      3.04500000	      0.00721063	      0.01550336	      0.02630639
      3.05000000	      0.00722807	      0.01552210	      0.02625538
      3.05500000	      0.00723146	      0.01552575	      0.02629832
      3.06000000	      0.00724800	      0.01554349	      0.02627976
      3.06500000	      0.00725625	      0.01555233	      0.02628171
      3.07000000	      0.00726843	      0.01556537	      0.02624314
      3.07500000	      0.00726856	      0.01556552	      0.02620122
      3.08000000	      0.00726719	      0.01556405	      0.02610264
      3.08500000	      0.00726870	      0.01556567	      0.02600757
      3.09000000	      0.00726371	      0.01556032	      0.02592934
      3.09500000	      0.00726042	      0.01555680	      0.02581546
      3.10000000	      0.00729545	      0.01559429	      0.02581350
      3.10500000	      0.00725060	      0.01554628	      0.02571398
      3.11000000	      0.00728647	      0.01558468	      0.02580406
      3.11500000	      0.00720995	      0.01550263	      0.02567360
      3.12000000	      0.00721707	      0.01551028	      0.02570021
      3.12500000	      0.00722837	      0.01552242	      0.02570962
      3.13000000	      0.00724483	      0.01554009	      0.02574722
      3.13500000	      0.00723856	      0.01553336	      0.02589736
      3.14000000	      0.00724617	      0.01554153	      0.02580747
      3.14500000	      0.00726332	      0.01555991	      0.02591926
      3.15000000	      0.00730703	      0.01560665	      0.02598299
      3.15500000	      0.00724744	      0.01554288	      0.02608653
      3.16000000	      0.00727724	      0.01557481	      0.02635078
      3.16500000	      0.00729791	      0.01559691	      0.02652040
      3.17000000	      0.00731730	      0.01561762	      0.02657299
      3.17500000	      0.00732498	      0.01562581	      0.02663138
      3.18000000	      0.00731248	      0.01561248	      0.02654982
      3.18500000	      0.00730719	      0.01560683	      0.02653726
      3.19000000	      0.00730334	      0.01560272	      0.02643738
      3.19500000	      0.00720827	      0.01550083	      0.02651828
      3.20000000	      0.00717686	      0.01546702	      0.02630109
      3.20500000	      0.00717087	      0.01546056	      0.02615374
      3.21000000	      0.00715502	      0.01544347	      0.02611653
      3.21500000	      0.00715822	      0.01544692	      0.02602472
      3.22000000	      0.00716289	      0.01545196	      0.02594812
      3.22500000	      0.00716445	      0.01545364	      0.02587298
      3.23000000	      0.00716462	      0.01545382	      0.02582253
      3.23500000	      0.00715459	      0.01544301	      0.02566382
      3.24000000	      0.00716355	      0.01545267	      0.02545512
      3.24500000	      0.00701132	      0.01528759	      0.02585509
      3.25000000	      0.00701532	      0.01529196	      0.02566112
      3.25500000	      0.00700631	      0.01528214	      0.02544845
      3.26000000	      0.00699015	      0.01526450	      0.02521422
      3.26500000	      0.00698990	      0.01526423	      0.02500538
      3.27000000	      0.00691791	      0.01518542	      0.02470732
      3.27500000	      0.00688036	      0.01514416	      0.02462751
      3.28000000	      0.00679428	      0.01504912	      0.02440178
      3.28500000	      0.00675641	      0.01500712	      0.02441459
      3.29000000	      0.00670213	      0.01494671	      0.02438867
      3.29500000	      0.00658881	      0.01481982	      0.02427942
      3.30000000	      0.00654248	      0.01476763	      0.02435018
      3.30500000	      0.00648456	      0.01470211	      0.02435062
      3.31000000	      0.00640030	      0.01460628	      0.02479437
      3.31500000	      0.00634698	      0.01454531	      0.02478018
      3.32000000	      0.00629605	      0.01448684	      0.02469282
      3.32500000	      0.00621563	      0.01439401	      0.02437294
      3.33000000	      0.00618616	      0.01435985	      0.02441709
      3.33500000	      0.00617037	      0.01434151	      0.02434799
      3.34000000	      0.00615210	      0.01432027	      0.02398751
      3.34500000	      0.00615804	      0.01432718	      0.02407212
      3.35000000	      0.00622309	      0.01440265	      0.02410159
      3.35500000	      0.00624016	      0.01442239	      0.02379993
      3.36000000	      0.00626260	      0.01444830	      0.02359129
      3.36500000	      0.00629301	      0.01448334	      0.02373166
      3.37000000	      0.00632004	      0.01451441	      0.02331856
      3.37500000	      0.00629401	      0.01448449	      0.02309275
      3.38000000	      0.00628273	      0.01447150	      0.02287241
      3.38500000	      0.00621612	      0.01439458	      0.02294299
      3.39000000	      0.00612906	      0.01429343	      0.02240266
      3.39500000	      0.00592936	      0.01405863	      0.02193153
      3.40000000	      0.00580383	      0.01390903	      0.02173896
      3.40500000	      0.00568815	      0.01376972	      0.02179362
      3.41000000	      0.00556647	      0.01362164	      0.02204996
      3.41500000	      0.00546382	      0.01349546	      0.02184722
      3.42000000	      0.00541314	      0.01343273	      0.02192415
      3.42500000	      0.00532687	      0.01332525	      0.02178683
      3.43000000	      0.00532288	      0.01332026	      0.02190535
      3.43500000	      0.00533451	      0.01333481	      0.02182924
      3.44000000	      0.00537187	      0.01338142	      0.02203589
      3.44500000	      0.00542378	      0.01344592	      0.02224393
      3.45000000	      0.00550801	      0.01354992	      0.02269189
      3.45500000	      0.00554257	      0.01359237	      0.02265994
      3.46000000	      0.00562360	      0.01369136	      0.02315040
      3.46500000	      0.00564592	      0.01371850	      0.02303476
      3.47000000	      0.00567228	      0.01375049	      0.02253408
      3.47500000	      0.00572018	      0.01380843	      0.02307725
      3.48000000	      0.00572411	      0.01381317	      0.02341982
      3.48500000	      0.00574893	      0.01384309	      0.02390392
      3.49000000	      0.00575023	      0.01384465	      0.02416096
      3.49500000	      0.00574439	      0.01383761	      0.02441390
      3.50000000	      0.00572697	      0.01381662	      0.02446302
      3.50500000	      0.00566724	      0.01374437	      0.02404114
      3.51000000	      0.00566745	      0.01374464	      0.02392885
      3.51500000	      0.00561698	      0.01368330	      0.02334307
      3.52000000	      0.00558607	      0.01364559	      0.02311534
      3.52500000	      0.00559453	      0.01365593	      0.02304713
      3.53000000	      0.00555099	      0.01360269	      0.02392130
      3.53500000	      0.00553714	      0.01358571	      0.02422046
      3.54000000	      0.00553566	      0.01358389	      0.02460392
      3.54500000	      0.00553134	      0.01357859	      0.02494767
      3.55000000	      0.00552292	      0.01356825	      0.02526751
      3.55500000	      0.00551662	      0.01356051	      0.02557515
      3.56000000	      0.00550176	      0.01354223	      0.02586576
      3.56500000	      0.00548310	      0.01351924	      0.02608682
      3.57000000	      0.00545625	      0.01348610	      0.02633630
      3.57500000	      0.00542379	      0.01344593	      0.02631203
      3.58000000	      0.00539860	      0.01341467	      0.02645955
      3.58500000	      0.00537343	      0.01338336	      0.02634551
      3.59000000	      0.00535549	      0.01336100	      0.02626471
      3.59500000	      0.00534201	      0.01334418	      0.02612095
      3.60000000	      0.00536800	      0.01337660	      0.02587380
      3.60500000	      0.00534150	      0.01334354	      0.02563830
      3.61000000	      0.00535478	      0.01336011	      0.02551990
      3.61500000	      0.00540679	      0.01342484	      0.02529138
      3.62000000	      0.00539045	      0.01340454	      0.02499844
      3.62500000	      0.00545632	      0.01348619	      0.02494945
      3.63000000	      0.00546151	      0.01349260	      0.02465676
      3.63500000	      0.00549129	      0.01352934	      0.02446796
      3.64000000	      0.00557555	      0.01363275	      0.02454885
      3.64500000	      0.00557884	      0.01363677	      0.02426685
      3.65000000	      0.00564292	      0.01371486	      0.02418326
      3.65500000	      0.00569102	      0.01377318	      0.02401175
      3.66000000	      0.00572164	      0.01381019	      0.02385598
      3.66500000	      0.00576608	      0.01386371	      0.02358362
      3.67000000	      0.00577546	      0.01387499	      0.02307508
      3.67500000	      0.00582024	      0.01392868	      0.02276064
      3.68000000	      0.00583159	      0.01394226	      0.02286771
      3.68500000	      0.00589094	      0.01401302	      0.02299621
      3.69000000	      0.00596508	      0.01410092	      0.02316590
      3.69500000	      0.00605687	      0.01420900	      0.02319745
      3.70000000	      0.00617494	      0.01434683	      0.02348151
      3.70500000	      0.00630602	      0.01449830	      0.02374589
      3.71000000	      0.00647620	      0.01469262	      0.02403366
      3.71500000	      0.00665386	      0.01489279	      0.02504940
      3.72000000	      0.00681438	      0.01507137	      0.02542689
      3.72500000	      0.00701014	      0.01528632	      0.02573668
      3.73000000	      0.00725267	      0.01554850	      0.02535626
      3.73500000	      0.00739657	      0.01570199	      0.02559149
      3.74000000	      0.00737828	      0.01568256	      0.02552471
