Model Marker Errors from IK
version=1
nRows=500
nColumns=4
inDegrees=no
endheader
time	total_squared_error	marker_error_RMS	marker_error_max
      0.00000000	      0.00678980	      0.01504416	      0.02438808
      0.00500000	      0.00653313	      0.01475706	      0.02362793
      0.01000000	      0.00632344	      0.01451831	      0.02274911
      0.01500000	      0.00615997	      0.01432942	      0.02197524
      0.02000000	      0.00603124	      0.01417891	      0.02140066
      0.02500000	      0.00595282	      0.01408643	      0.02100066
      0.03000000	      0.00588753	      0.01400897	      0.02044993
      0.03500000	      0.00585330	      0.01396818	      0.02076862
      0.04000000	      0.00588315	      0.01400375	      0.02063991
      0.04500000	      0.00592145	      0.01404926	      0.02119104
      0.05000000	      0.00599961	      0.01414168	      0.02157214
      0.05500000	      0.00613479	      0.01430011	      0.02209999
      0.06000000	      0.00618245	      0.01435555	      0.02237808
      0.06500000	      0.00623658	      0.01441825	      0.02263780
      0.07000000	      0.00624142	      0.01442384	      0.02272159
      0.07500000	      0.00633905	      0.01453622	      0.02289144
      0.08000000	      0.00632310	      0.01451792	      0.02314758
      0.08500000	      0.00638821	      0.01459248	      0.02309828
      0.09000000	      0.00640523	      0.01461190	      0.02312703
      0.09500000	      0.00635640	      0.01455609	      0.02272422
      0.10000000	      0.00634575	      0.01454390	      0.02281250
      0.10500000	      0.00638235	      0.01458578	      0.02262430
      0.11000000	      0.00632668	      0.01452203	      0.02281610
      0.11500000	      0.00633154	      0.01452761	      0.02313227
      0.12000000	      0.00633471	      0.01453124	      0.02338528
      0.12500000	      0.00639926	      0.01460509	      0.02361694
      0.13000000	      0.00637790	      0.01458070	      0.02379893
      0.13500000	      0.00638807	      0.01459231	      0.02402237
      0.14000000	      0.00641301	      0.01462077	      0.02420683
      0.14500000	      0.00643044	      0.01464063	      0.02409207
      0.15000000	      0.00646202	      0.01467654	      0.02445673
      0.15500000	      0.00649157	      0.01471005	      0.02461255
      0.16000000	      0.00648257	      0.01469985	      0.02473457
      0.16500000	      0.00644287	      0.01465477	      0.02459459
      0.17000000	      0.00646129	      0.01467571	      0.02478694
      0.17500000	      0.00640877	      0.01461594	      0.02467207
      0.18000000	      0.00642268	      0.01463179	      0.02501328
      0.18500000	      0.00648670	      0.01470453	      0.02537720
      0.19000000	      0.00638013	      0.01458324	      0.02498611
      0.19500000	      0.00643746	      0.01464862	      0.02523123
      0.20000000	      0.00635988	      0.01456009	      0.02511089
      0.20500000	      0.00638046	      0.01458362	      0.02536155
      0.21000000	      0.00635377	      0.01455308	      0.02522233
      0.21500000	      0.00637091	      0.01457270	      0.02537109
      0.22000000	      0.00639012	      0.01459466	      0.02539551
      0.22500000	      0.00634350	      0.01454132	      0.02510981
      0.23000000	      0.00638166	      0.01458500	      0.02517744
      0.23500000	      0.00639158	      0.01459632	      0.02521778
      0.24000000	      0.00639950	      0.01460537	      0.02514724
      0.24500000	      0.00640135	      0.01460748	      0.02506717
      0.25000000	      0.00641345	      0.01462128	      0.02490946
      0.25500000	      0.00636097	      0.01456132	      0.02455629
      0.26000000	      0.00638869	      0.01459303	      0.02473355
      0.26500000	      0.00639332	      0.01459832	      0.02467497
      0.27000000	      0.00635327	      0.01455251	      0.02456478
      0.27500000	      0.00637244	      0.01457445	      0.02442446
      0.28000000	      0.00637137	      0.01457322	      0.02433610
      0.28500000	      0.00634843	      0.01454697	      0.02452296
      0.29000000	      0.00633506	      0.01453164	      0.02447231
      0.29500000	      0.00632015	      0.01451454	      0.02444156
      0.30000000	      0.00629021	      0.01448012	      0.02457832
      0.30500000	      0.00625710	      0.01444195	      0.02445941
      0.31000000	      0.00623111	      0.01441193	      0.02429245
      0.31500000	      0.00621494	      0.01439322	      0.02407957
      0.32000000	      0.00620653	      0.01438348	      0.02384500
      0.32500000	      0.00620242	      0.01437871	      0.02348819
      0.33000000	      0.00618166	      0.01435463	      0.02336706
      0.33500000	      0.00615242	      0.01432064	      0.02333153
      0.34000000	      0.00616639	      0.01433689	      0.02279590
      0.34500000	      0.00610273	      0.01426269	      0.02279505
      0.35000000	      0.00604900	      0.01419977	      0.02251217
      0.35500000	      0.00598180	      0.01412068	      0.02225563
      0.36000000	      0.00591782	      0.01404496	      0.02199989
      0.36500000	      0.00582417	      0.01393337	      0.02175338
      0.37000000	      0.00568222	      0.01376254	      0.02127579
      0.37500000	      0.00560559	      0.01366942	      0.02095259
      0.38000000	      0.00556729	      0.01362264	      0.02050444
      0.38500000	      0.00553885	      0.01358780	      0.02013505
      0.39000000	      0.00551683	      0.01356076	      0.01975915
      0.39500000	      0.00551124	      0.01355389	      0.01926282
      0.40000000	      0.00551408	      0.01355739	      0.01889949
      0.40500000	      0.00548511	      0.01352173	      0.01861417
      0.41000000	      0.00544917	      0.01347735	      0.01858240
      0.41500000	      0.00534678	      0.01335013	      0.01846894
      0.42000000	      0.00522832	      0.01320142	      0.01838639
      0.42500000	      0.00511339	      0.01305551	      0.01846983
      0.43000000	      0.00494811	      0.01284277	      0.01825213
      0.43500000	      0.00482266	      0.01267893	      0.01822416
      0.44000000	      0.00475966	      0.01259585	      0.01838282
      0.44500000	      0.00468521	      0.01249695	      0.01827170
      0.45000000	      0.00470051	      0.01251733	      0.01869119
      0.45500000	      0.00469935	      0.01251579	      0.01844624
      0.46000000	      0.00474632	      0.01257818	      0.01889602
      0.46500000	      0.00481763	      0.01267232	      0.01947875
      0.47000000	      0.00488396	      0.01275926	      0.01993807
      0.47500000	      0.00497971	      0.01288373	      0.02053344
      0.48000000	      0.00502079	      0.01293676	      0.02087451
      0.48500000	      0.00506204	      0.01298979	      0.02140292
      0.49000000	      0.00511094	      0.01305239	      0.02171278
      0.49500000	      0.00508955	      0.01302504	      0.02180115
      0.50000000	      0.00510772	      0.01304828	      0.02208224
      0.50500000	      0.00508147	      0.01301470	      0.02226998
      0.51000000	      0.00504719	      0.01297072	      0.02230020
      0.51500000	      0.00504060	      0.01296225	      0.02250534
      0.52000000	      0.00505282	      0.01297795	      0.02273924
      0.52500000	      0.00502995	      0.01294855	      0.02276487
      0.53000000	      0.00500774	      0.01291993	      0.02281160
      0.53500000	      0.00500283	      0.01291360	      0.02272103
      0.54000000	      0.00502586	      0.01294329	      0.02288263
      0.54500000	      0.00498346	      0.01288857	      0.02263576
      0.55000000	      0.00499670	      0.01290569	      0.02263585
      0.55500000	      0.00496674	      0.01286693	      0.02221903
      0.56000000	      0.00497434	      0.01287678	      0.02223681
      0.56500000	      0.00494537	      0.01283922	      0.02189834
      0.57000000	      0.00494700	      0.01284134	      0.02177606
      0.57500000	      0.00493615	      0.01282725	      0.02135021
      0.58000000	      0.00492831	      0.01281706	      0.02103824
      0.58500000	      0.00491812	      0.01280380	      0.02071547
      0.59000000	      0.00493239	      0.01282236	      0.02033033
      0.59500000	      0.00490112	      0.01278165	      0.01998749
      0.60000000	      0.00488118	      0.01275563	      0.01982522
      0.60500000	      0.00488172	      0.01275633	      0.01948447
      0.61000000	      0.00490315	      0.01278430	      0.01938236
      0.61500000	      0.00489085	      0.01276825	      0.01922772
      0.62000000	      0.00491878	      0.01280466	      0.01930095
      0.62500000	      0.00494652	      0.01284072	      0.01942225
      0.63000000	      0.00499095	      0.01289826	      0.01959262
      0.63500000	      0.00505197	      0.01297686	      0.01970892
      0.64000000	      0.00510749	      0.01304798	      0.01984454
      0.64500000	      0.00520729	      0.01317484	      0.02008838
      0.65000000	      0.00529243	      0.01328210	      0.02018039
      0.65500000	      0.00541183	      0.01343109	      0.02046868
      0.66000000	      0.00553901	      0.01358800	      0.02068471
      0.66500000	      0.00564507	      0.01371747	      0.02072658
      0.67000000	      0.00577746	      0.01387739	      0.02087708
      0.67500000	      0.00589656	      0.01401970	      0.02076018
      0.68000000	      0.00603326	      0.01418127	      0.02097974
      0.68500000	      0.00617342	      0.01434506	      0.02157778
      0.69000000	      0.00631451	      0.01450806	      0.02256044
      0.69500000	      0.00639353	      0.01459856	      0.02293337
      0.70000000	      0.00650387	      0.01472398	      0.02381216
      0.70500000	      0.00659288	      0.01482439	      0.02457819
      0.71000000	      0.00666299	      0.01490300	      0.02514335
      0.71500000	      0.00668324	      0.01492563	      0.02501334
      0.72000000	      0.00668897	      0.01493203	      0.02535634
      0.72500000	      0.00667896	      0.01492086	      0.02554662
      0.73000000	      0.00665834	      0.01489781	      0.02547452
      0.73500000	      0.00660140	      0.01483397	      0.02561073
      0.74000000	      0.00651457	      0.01473609	      0.02552566
      0.74500000	      0.00643153	      0.01464187	      0.02509409
      0.75000000	      0.00632457	      0.01451960	      0.02459595
      0.75500000	      0.00615394	      0.01432241	      0.02458423
      0.76000000	      0.00600621	      0.01414945	      0.02371931
      0.76500000	      0.00586036	      0.01397660	      0.02290836
      0.77000000	      0.00571051	      0.01379675	      0.02223708
      0.77500000	      0.00556559	      0.01362056	      0.02168635
      0.78000000	      0.00546810	      0.01350074	      0.02153266
      0.78500000	      0.00537102	      0.01338036	      0.02184415
      0.79000000	      0.00536613	      0.01337426	      0.02212653
      0.79500000	      0.00541101	      0.01343008	      0.02254218
      0.80000000	      0.00551145	      0.01355415	      0.02352742
      0.80500000	      0.00558015	      0.01363836	      0.02399327
      0.81000000	      0.00573417	      0.01382530	      0.02509983
      0.81500000	      0.00590735	      0.01403253	      0.02543931
      0.82000000	      0.00604314	      0.01419289	      0.02588158
      0.82500000	      0.00613505	      0.01430041	      0.02567180
      0.83000000	      0.00604398	      0.01419387	      0.02513345
      0.83500000	      0.00597222	      0.01410936	      0.02468193
      0.84000000	      0.00587177	      0.01399020	      0.02368111
      0.84500000	      0.00573416	      0.01382529	      0.02274367
      0.85000000	      0.00560648	      0.01367050	      0.02170331
      0.85500000	      0.00548208	      0.01351799	      0.02160314
      0.86000000	      0.00539167	      0.01340605	      0.02142531
      0.86500000	      0.00533333	      0.01333333	      0.02126003
      0.87000000	      0.00530930	      0.01330326	      0.02104392
      0.87500000	      0.00531550	      0.01331102	      0.02085572
      0.88000000	      0.00536219	      0.01336936	      0.02046331
      0.88500000	      0.00541252	      0.01343195	      0.02107544
      0.89000000	      0.00551566	      0.01355932	      0.02157589
      0.89500000	      0.00557308	      0.01362973	      0.02225559
      0.90000000	      0.00566596	      0.01374283	      0.02255859
      0.90500000	      0.00570752	      0.01379314	      0.02302144
      0.91000000	      0.00573483	      0.01382610	      0.02308306
      0.91500000	      0.00572346	      0.01381239	      0.02316216
      0.92000000	      0.00572275	      0.01381153	      0.02284904
      0.92500000	      0.00564633	      0.01371901	      0.02282645
      0.93000000	      0.00560253	      0.01366569	      0.02258282
      0.93500000	      0.00556530	      0.01362021	      0.02238383
      0.94000000	      0.00554160	      0.01359118	      0.02213970
      0.94500000	      0.00553045	      0.01357749	      0.02203108
      0.95000000	      0.00555605	      0.01360888	      0.02222386
      0.95500000	      0.00556169	      0.01361579	      0.02245619
      0.96000000	      0.00561287	      0.01367829	      0.02274042
      0.96500000	      0.00564696	      0.01371976	      0.02282421
      0.97000000	      0.00570856	      0.01379440	      0.02300576
      0.97500000	      0.00576874	      0.01386691	      0.02327029
      0.98000000	      0.00583310	      0.01394406	      0.02336359
      0.98500000	      0.00589803	      0.01402144	      0.02320404
      0.99000000	      0.00595281	      0.01408641	      0.02342500
      0.99500000	      0.00599614	      0.01413759	      0.02330334
      1.00000000	      0.00603808	      0.01418694	      0.02344798
      1.00500000	      0.00605152	      0.01420272	      0.02360493
      1.01000000	      0.00607515	      0.01423043	      0.02379076
      1.01500000	      0.00609658	      0.01425550	      0.02386424
      1.02000000	      0.00609604	      0.01425487	      0.02454631
      1.02500000	      0.00614996	      0.01431777	      0.02458050
      1.03000000	      0.00614420	      0.01431107	      0.02479580
      1.03500000	      0.00616236	      0.01433220	      0.02484233
      1.04000000	      0.00616566	      0.01433604	      0.02506612
      1.04500000	      0.00619239	      0.01436708	      0.02552799
      1.05000000	      0.00622760	      0.01440787	      0.02550590
      1.05500000	      0.00626189	      0.01444748	      0.02562293
      1.06000000	      0.00627930	      0.01446755	      0.02562567
      1.06500000	      0.00626056	      0.01444595	      0.02571466
      1.07000000	      0.00627850	      0.01446663	      0.02559914
      1.07500000	      0.00629848	      0.01448963	      0.02558435
      1.08000000	      0.00631647	      0.01451031	      0.02554406
      1.08500000	      0.00630604	      0.01449832	      0.02538593
      1.09000000	      0.00634210	      0.01453971	      0.02543003
      1.09500000	      0.00635942	      0.01455956	      0.02535270
      1.10000000	      0.00638074	      0.01458394	      0.02529376
      1.10500000	      0.00641493	      0.01462296	      0.02532828
      1.11000000	      0.00641112	      0.01461861	      0.02490784
      1.11500000	      0.00644755	      0.01466010	      0.02499482
      1.12000000	      0.00649311	      0.01471179	      0.02504434
      1.12500000	      0.00650677	      0.01472727	      0.02448049
      1.13000000	      0.00656021	      0.01478762	      0.02450751
      1.13500000	      0.00662047	      0.01485538	      0.02448823
      1.14000000	      0.00668875	      0.01493179	      0.02438433
      1.14500000	      0.00669212	      0.01493555	      0.02433849
      1.15000000	      0.00675520	      0.01500578	      0.02409250
      1.15500000	      0.00682660	      0.01508487	      0.02388711
      1.16000000	      0.00689292	      0.01515797	      0.02375922
      1.16500000	      0.00691285	      0.01517987	      0.02393405
      1.17000000	      0.00695512	      0.01522620	      0.02374703
      1.17500000	      0.00697448	      0.01524739	      0.02362514
      1.18000000	      0.00696564	      0.01523772	      0.02360324
      1.18500000	      0.00691553	      0.01518281	      0.02341775
      1.19000000	      0.00685706	      0.01511849	      0.02326008
      1.19500000	      0.00677115	      0.01502348	      0.02317139
      1.20000000	      0.00666639	      0.01490681	      0.02303591
      1.20500000	      0.00654778	      0.01477361	      0.02290554
      1.21000000	      0.00642493	      0.01463436	      0.02276888
      1.21500000	      0.00630544	      0.01449763	      0.02259839
      1.22000000	      0.00619261	      0.01436734	      0.02242691
      1.22500000	      0.00605618	      0.01420819	      0.02223122
      1.23000000	      0.00596261	      0.01409800	      0.02201910
      1.23500000	      0.00590971	      0.01403532	      0.02172090
      1.24000000	      0.00584626	      0.01395978	      0.02153646
      1.24500000	      0.00580089	      0.01390551	      0.02121631
      1.25000000	      0.00578417	      0.01388545	      0.02102719
      1.25500000	      0.00573589	      0.01382737	      0.02043715
      1.26000000	      0.00572124	      0.01380971	      0.02049611
      1.26500000	      0.00574225	      0.01383504	      0.02086885
      1.27000000	      0.00575465	      0.01384997	      0.02115345
      1.27500000	      0.00573981	      0.01383210	      0.02121987
      1.28000000	      0.00565469	      0.01372916	      0.02153646
      1.28500000	      0.00561386	      0.01367950	      0.02159661
      1.29000000	      0.00550415	      0.01354517	      0.02139560
      1.29500000	      0.00536592	      0.01337401	      0.02179964
      1.30000000	      0.00527058	      0.01325466	      0.02169966
      1.30500000	      0.00512400	      0.01306905	      0.02145745
      1.31000000	      0.00504202	      0.01296408	      0.02163527
      1.31500000	      0.00490330	      0.01278449	      0.02168521
      1.32000000	      0.00484771	      0.01271182	      0.02134875
      1.32500000	      0.00479754	      0.01264587	      0.02152355
      1.33000000	      0.00480281	      0.01265281	      0.02150209
      1.33500000	      0.00480463	      0.01265520	      0.02155027
      1.34000000	      0.00483755	      0.01269850	      0.02151977
      1.34500000	      0.00486570	      0.01273538	      0.02159084
      1.35000000	      0.00490090	      0.01278137	      0.02164368
      1.35500000	      0.00495828	      0.01285597	      0.02162047
      1.36000000	      0.00501668	      0.01293147	      0.02136386
      1.36500000	      0.00499396	      0.01290215	      0.02159874
      1.37000000	      0.00504818	      0.01297199	      0.02149993
      1.37500000	      0.00503667	      0.01295719	      0.02105328
      1.38000000	      0.00504352	      0.01296601	      0.02080919
      1.38500000	      0.00504452	      0.01296730	      0.02092394
      1.39000000	      0.00500517	      0.01291661	      0.02115869
      1.39500000	      0.00502250	      0.01293896	      0.02125265
      1.40000000	      0.00496485	      0.01286448	      0.02123196
      1.40500000	      0.00493259	      0.01282263	      0.02122351
      1.41000000	      0.00490883	      0.01279171	      0.02125559
      1.41500000	      0.00488562	      0.01276142	      0.02127630
      1.42000000	      0.00487208	      0.01274373	      0.02131195
      1.42500000	      0.00485852	      0.01272599	      0.02131932
      1.43000000	      0.00486509	      0.01273459	      0.02146898
      1.43500000	      0.00484359	      0.01270641	      0.02139243
      1.44000000	      0.00483999	      0.01270170	      0.02130964
      1.44500000	      0.00482309	      0.01267949	      0.02112871
      1.45000000	      0.00481700	      0.01267149	      0.02107170
      1.45500000	      0.00480210	      0.01265188	      0.02086814
      1.46000000	      0.00478088	      0.01262389	      0.02071090
      1.46500000	      0.00476643	      0.01260480	      0.02060996
      1.47000000	      0.00475412	      0.01258852	      0.02054971
      1.47500000	      0.00472622	      0.01255152	      0.02032936
      1.48000000	      0.00470827	      0.01252767	      0.02018358
      1.48500000	      0.00468934	      0.01250246	      0.01975060
      1.49000000	      0.00467831	      0.01248774	      0.01987783
      1.49500000	      0.00470605	      0.01252470	      0.02019105
      1.50000000	      0.00466662	      0.01247213	      0.02012405
      1.50500000	      0.00466862	      0.01247480	      0.02043276
      1.51000000	      0.00467218	      0.01247955	      0.02037527
      1.51500000	      0.00472075	      0.01254425	      0.02067582
      1.52000000	      0.00470862	      0.01252812	      0.02046621
      1.52500000	      0.00474560	      0.01257723	      0.02066709
      1.53000000	      0.00476928	      0.01260856	      0.02067837
      1.53500000	      0.00481563	      0.01266969	      0.02079984
      1.54000000	      0.00487056	      0.01274175	      0.02092765
      1.54500000	      0.00493388	      0.01282430	      0.02107849
      1.55000000	      0.00500374	      0.01291477	      0.02120647
      1.55500000	      0.00508346	      0.01301724	      0.02139746
      1.56000000	      0.00516907	      0.01312639	      0.02154339
      1.56500000	      0.00520427	      0.01317101	      0.02116082
      1.57000000	      0.00530963	      0.01330367	      0.02145775
      1.57500000	      0.00542002	      0.01344125	      0.02155348
      1.58000000	      0.00554181	      0.01359143	      0.02159777
      1.58500000	      0.00567916	      0.01375883	      0.02163188
      1.59000000	      0.00581746	      0.01392534	      0.02152383
      1.59500000	      0.00595775	      0.01409226	      0.02206250
      1.60000000	      0.00610766	      0.01426845	      0.02300127
      1.60500000	      0.00626127	      0.01444676	      0.02305707
      1.61000000	      0.00637729	      0.01458000	      0.02379491
      1.61500000	      0.00649217	      0.01471074	      0.02407964
      1.62000000	      0.00654461	      0.01477002	      0.02460742
      1.62500000	      0.00659525	      0.01482706	      0.02476331
      1.63000000	      0.00657700	      0.01480654	      0.02480386
      1.63500000	      0.00658095	      0.01481098	      0.02480017
      1.64000000	      0.00649051	      0.01470885	      0.02512791
      1.64500000	      0.00644392	      0.01465596	      0.02464875
      1.65000000	      0.00638110	      0.01458435	      0.02427269
      1.65500000	      0.00626631	      0.01445258	      0.02504018
      1.66000000	      0.00622096	      0.01440019	      0.02455685
      1.66500000	      0.00618536	      0.01435892	      0.02449911
      1.67000000	      0.00616495	      0.01433522	      0.02465636
      1.67500000	      0.00616543	      0.01433577	      0.02502589
      1.68000000	      0.00619202	      0.01436665	      0.02530856
      1.68500000	      0.00624385	      0.01442665	      0.02481110
      1.69000000	      0.00623001	      0.01441066	      0.02520889
      1.69500000	      0.00623260	      0.01441365	      0.02454618
      1.70000000	      0.00615202	      0.01432017	      0.02444132
      1.70500000	      0.00604794	      0.01419852	      0.02364039
      1.71000000	      0.00592026	      0.01404784	      0.02310504
      1.71500000	      0.00580022	      0.01390469	      0.02239251
      1.72000000	      0.00561518	      0.01368110	      0.02217939
      1.72500000	      0.00551842	      0.01356271	      0.02222679
      1.73000000	      0.00548801	      0.01352530	      0.02220696
      1.73500000	      0.00548517	      0.01352180	      0.02224156
      1.74000000	      0.00552393	      0.01356949	      0.02224041
      1.74500000	      0.00557159	      0.01362790	      0.02231004
      1.75000000	      0.00564053	      0.01371195	      0.02240539
      1.75500000	      0.00572323	      0.01381210	      0.02229158
      1.76000000	      0.00579893	      0.01390315	      0.02237426
      1.76500000	      0.00591336	      0.01403966	      0.02236208
      1.77000000	      0.00597936	      0.01411779	      0.02237859
      1.77500000	      0.00607111	      0.01422569	      0.02235553
      1.78000000	      0.00614042	      0.01430667	      0.02248888
      1.78500000	      0.00618200	      0.01435502	      0.02259680
      1.79000000	      0.00622079	      0.01439999	      0.02266178
      1.79500000	      0.00620937	      0.01438676	      0.02278109
      1.80000000	      0.00620921	      0.01438658	      0.02290138
      1.80500000	      0.00619072	      0.01436514	      0.02297066
      1.81000000	      0.00616879	      0.01433967	      0.02316628
      1.81500000	      0.00614560	      0.01431270	      0.02320854
      1.82000000	      0.00615862	      0.01432786	      0.02343647
      1.82500000	      0.00613958	      0.01430569	      0.02332610
      1.83000000	      0.00613376	      0.01429891	      0.02348245
      1.83500000	      0.00614127	      0.01430765	      0.02347779
      1.84000000	      0.00614801	      0.01431550	      0.02367883
      1.84500000	      0.00616399	      0.01433410	      0.02394896
      1.85000000	      0.00617623	      0.01434832	      0.02430689
      1.85500000	      0.00620118	      0.01437727	      0.02442242
      1.86000000	      0.00621095	      0.01438860	      0.02469262
      1.86500000	      0.00623074	      0.01441150	      0.02482578
      1.87000000	      0.00625028	      0.01443408	      0.02484572
      1.87500000	      0.00627663	      0.01446447	      0.02510725
      1.88000000	      0.00630687	      0.01449927	      0.02511673
      1.88500000	      0.00633455	      0.01453105	      0.02530943
      1.89000000	      0.00635526	      0.01455480	      0.02559596
      1.89500000	      0.00638271	      0.01458619	      0.02568683
      1.90000000	      0.00645634	      0.01467009	      0.02569292
      1.90500000	      0.00642194	      0.01463094	      0.02619842
      1.91000000	      0.00644531	      0.01465755	      0.02629881
      1.91500000	      0.00646738	      0.01468262	      0.02635683
      1.92000000	      0.00648322	      0.01470059	      0.02624571
      1.92500000	      0.00651158	      0.01473271	      0.02640137
      1.93000000	      0.00652621	      0.01474925	      0.02637732
      1.93500000	      0.00654896	      0.01477494	      0.02634822
      1.94000000	      0.00659779	      0.01482991	      0.02634126
      1.94500000	      0.00660364	      0.01483649	      0.02638782
      1.95000000	      0.00663536	      0.01487207	      0.02630991
      1.95500000	      0.00666024	      0.01489994	      0.02622262
      1.96000000	      0.00668045	      0.01492252	      0.02600637
      1.96500000	      0.00669879	      0.01494299	      0.02600117
      1.97000000	      0.00671307	      0.01495892	      0.02598114
      1.97500000	      0.00672845	      0.01497604	      0.02595439
      1.98000000	      0.00673714	      0.01498570	      0.02564129
      1.98500000	      0.00675731	      0.01500812	      0.02562298
      1.99000000	      0.00677908	      0.01503228	      0.02556692
      1.99500000	      0.00680454	      0.01506048	      0.02544781
      2.00000000	      0.00683407	      0.01509312	      0.02532990
      2.00500000	      0.00686880	      0.01513143	      0.02518517
      2.01000000	      0.00690450	      0.01517070	      0.02499456
      2.01500000	      0.00694517	      0.01521531	      0.02455562
      2.02000000	      0.00697068	      0.01524322	      0.02454756
      2.02500000	      0.00700401	      0.01527963	      0.02494759
      2.03000000	      0.00703750	      0.01531611	      0.02534286
      2.03500000	      0.00707813	      0.01536027	      0.02597854
      2.04000000	      0.00709964	      0.01538358	      0.02617634
      2.04500000	      0.00711002	      0.01539483	      0.02630878
      2.05000000	      0.00712592	      0.01541203	      0.02655155
      2.05500000	      0.00710471	      0.01538907	      0.02640990
      2.06000000	      0.00708528	      0.01536802	      0.02661008
      2.06500000	      0.00705619	      0.01533644	      0.02690412
      2.07000000	      0.00699676	      0.01527171	      0.02696466
      2.07500000	      0.00694782	      0.01521821	      0.02716702
      2.08000000	      0.00685430	      0.01511544	      0.02713013
      2.08500000	      0.00676634	      0.01501815	      0.02709849
      2.09000000	      0.00668054	      0.01492262	      0.02696030
      2.09500000	      0.00659071	      0.01482196	      0.02709687
      2.10000000	      0.00649782	      0.01471713	      0.02672120
      2.10500000	      0.00643681	      0.01464788	      0.02661616
      2.11000000	      0.00638866	      0.01459298	      0.02672292
      2.11500000	      0.00633104	      0.01452704	      0.02640563
      2.12000000	      0.00625926	      0.01444444	      0.02629233
      2.12500000	      0.00623811	      0.01442002	      0.02615259
      2.13000000	      0.00616676	      0.01433732	      0.02646297
      2.13500000	      0.00612967	      0.01429413	      0.02612487
      2.14000000	      0.00602495	      0.01417151	      0.02604384
      2.14500000	      0.00595702	      0.01409140	      0.02565686
      2.15000000	      0.00585021	      0.01396449	      0.02523227
      2.15500000	      0.00567894	      0.01375856	      0.02482743
      2.16000000	      0.00556371	      0.01361826	      0.02462017
      2.16500000	      0.00537089	      0.01338020	      0.02426743
      2.17000000	      0.00525681	      0.01323734	      0.02401661
      2.17500000	      0.00516428	      0.01312031	      0.02386515
      2.18000000	      0.00507611	      0.01300783	      0.02372825
      2.18500000	      0.00502805	      0.01294611	      0.02377774
      2.19000000	      0.00498553	      0.01289125	      0.02404997
      2.19500000	      0.00499691	      0.01290595	      0.02402476
      2.20000000	      0.00507180	      0.01300231	      0.02459436
      2.20500000	      0.00518172	      0.01314246	      0.02490019
      2.21000000	      0.00530791	      0.01330152	      0.02556780
      2.21500000	      0.00542004	      0.01344127	      0.02586447
      2.22000000	      0.00551851	      0.01356282	      0.02665614
      2.22500000	      0.00562044	      0.01368751	      0.02702702
      2.23000000	      0.00568812	      0.01376968	      0.02765065
      2.23500000	      0.00575214	      0.01384695	      0.02791921
      2.24000000	      0.00579317	      0.01389624	      0.02823104
      2.24500000	      0.00582893	      0.01393907	      0.02865812
      2.25000000	      0.00579309	      0.01389615	      0.02885151
      2.25500000	      0.00575726	      0.01385311	      0.02877579
      2.26000000	      0.00575518	      0.01385061	      0.02902548
      2.26500000	      0.00567267	      0.01375096	      0.02839894
      2.27000000	      0.00567041	      0.01374822	      0.02857740
      2.27500000	      0.00557076	      0.01362689	      0.02781731
      2.28000000	      0.00552146	      0.01356646	      0.02755791
      2.28500000	      0.00547839	      0.01351343	      0.02719610
      2.29000000	      0.00543300	      0.01345734	      0.02673638
      2.29500000	      0.00539405	      0.01340902	      0.02615355
      2.30000000	      0.00536279	      0.01337010	      0.02572654
      2.30500000	      0.00532600	      0.01332416	      0.02518706
      2.31000000	      0.00528241	      0.01326952	      0.02449511
      2.31500000	      0.00525516	      0.01323526	      0.02400278
      2.32000000	      0.00522862	      0.01320180	      0.02343135
      2.32500000	      0.00516184	      0.01311722	      0.02261251
      2.33000000	      0.00513622	      0.01308462	      0.02222171
      2.33500000	      0.00511071	      0.01305209	      0.02172570
      2.34000000	      0.00505775	      0.01298429	      0.02104170
      2.34500000	      0.00503076	      0.01294959	      0.02061259
      2.35000000	      0.00499494	      0.01290341	      0.02047246
      2.35500000	      0.00495737	      0.01285479	      0.02038957
      2.36000000	      0.00494513	      0.01283891	      0.02021241
      2.36500000	      0.00491891	      0.01280483	      0.02030430
      2.37000000	      0.00489093	      0.01276836	      0.02017060
      2.37500000	      0.00486917	      0.01273992	      0.02001834
      2.38000000	      0.00484882	      0.01271327	      0.01982427
      2.38500000	      0.00484856	      0.01271293	      0.01967692
      2.39000000	      0.00482955	      0.01268799	      0.01970397
      2.39500000	      0.00484341	      0.01270618	      0.01980771
      2.40000000	      0.00485843	      0.01272586	      0.01977020
      2.40500000	      0.00488426	      0.01275965	      0.01975860
      2.41000000	      0.00493282	      0.01282293	      0.01991306
      2.41500000	      0.00496912	      0.01287002	      0.01979958
      2.42000000	      0.00502307	      0.01293969	      0.01988131
      2.42500000	      0.00509197	      0.01302814	      0.02005512
      2.43000000	      0.00516034	      0.01311531	      0.02010714
      2.43500000	      0.00525361	      0.01323330	      0.02043753
      2.44000000	      0.00535145	      0.01335595	      0.02065118
      2.44500000	      0.00545021	      0.01347863	      0.02082408
      2.45000000	      0.00557494	      0.01363200	      0.02098165
      2.45500000	      0.00571516	      0.01380237	      0.02110254
      2.46000000	      0.00585649	      0.01397198	      0.02115040
      2.46500000	      0.00601182	      0.01415606	      0.02194540
      2.47000000	      0.00617846	      0.01435091	      0.02298302
      2.47500000	      0.00635699	      0.01455677	      0.02396115
      2.48000000	      0.00655678	      0.01478375	      0.02379955
      2.48500000	      0.00672534	      0.01497258	      0.02480381
      2.49000000	      0.00689776	      0.01516329	      0.02562558
      2.49500000	      0.00708970	      0.01537281	      0.02518307
