Model Marker Errors from IK
version=1
nRows=750
nColumns=4
inDegrees=no
endheader
time	total_squared_error	marker_error_RMS	marker_error_max
      0.00000000	      0.00649904	      0.01471852	      0.02432818
      0.00500000	      0.00624045	      0.01442273	      0.02338788
      0.01000000	      0.00622010	      0.01439919	      0.02269588
      0.01500000	      0.00581781	      0.01392576	      0.02300066
      0.02000000	      0.00585075	      0.01396514	      0.02190883
      0.02500000	      0.00584577	      0.01395920	      0.02202233
      0.03000000	      0.00587115	      0.01398946	      0.02230867
      0.03500000	      0.00591278	      0.01403897	      0.02245776
      0.04000000	      0.00595838	      0.01409301	      0.02234516
      0.04500000	      0.00599239	      0.01413317	      0.02250679
      0.05000000	      0.00603307	      0.01418105	      0.02262413
      0.05500000	      0.00604530	      0.01419542	      0.02246886
      0.06000000	      0.00605549	      0.01420739	      0.02261400
      0.06500000	      0.00606186	      0.01421485	      0.02266012
      0.07000000	      0.00606099	      0.01421383	      0.02262242
      0.07500000	      0.00602014	      0.01416585	      0.02252272
      0.08000000	      0.00602045	      0.01416622	      0.02246575
      0.08500000	      0.00600568	      0.01414883	      0.02250264
      0.09000000	      0.00599306	      0.01413395	      0.02242588
      0.09500000	      0.00602156	      0.01416753	      0.02234326
      0.10000000	      0.00607575	      0.01423113	      0.02224558
      0.10500000	      0.00605688	      0.01420901	      0.02237889
      0.11000000	      0.00611635	      0.01427860	      0.02227137
      0.11500000	      0.00614521	      0.01431225	      0.02252088
      0.12000000	      0.00621444	      0.01439264	      0.02234696
      0.12500000	      0.00623909	      0.01442115	      0.02267197
      0.13000000	      0.00629098	      0.01448100	      0.02263322
      0.13500000	      0.00630111	      0.01449266	      0.02285702
      0.14000000	      0.00635174	      0.01455076	      0.02295587
      0.14500000	      0.00635873	      0.01455877	      0.02304603
      0.15000000	      0.00639462	      0.01459980	      0.02322288
      0.15500000	      0.00641598	      0.01462416	      0.02338719
      0.16000000	      0.00643603	      0.01464699	      0.02351308
      0.16500000	      0.00645082	      0.01466381	      0.02347032
      0.17000000	      0.00647630	      0.01469274	      0.02356444
      0.17500000	      0.00648684	      0.01470469	      0.02380056
      0.18000000	      0.00650563	      0.01472597	      0.02378855
      0.18500000	      0.00654138	      0.01476638	      0.02395832
      0.19000000	      0.00656179	      0.01478940	      0.02404134
      0.19500000	      0.00658855	      0.01481952	      0.02415106
      0.20000000	      0.00660826	      0.01484168	      0.02422084
      0.20500000	      0.00663335	      0.01486983	      0.02426913
      0.21000000	      0.00665846	      0.01489794	      0.02441476
      0.21500000	      0.00669042	      0.01493365	      0.02446573
      0.22000000	      0.00673553	      0.01498391	      0.02446921
      0.22500000	      0.00672619	      0.01497353	      0.02481949
      0.23000000	      0.00675943	      0.01501048	      0.02485058
      0.23500000	      0.00677484	      0.01502757	      0.02464959
      0.24000000	      0.00682103	      0.01507872	      0.02462512
      0.24500000	      0.00681622	      0.01507340	      0.02448910
      0.25000000	      0.00683248	      0.01509136	      0.02459429
      0.25500000	      0.00684342	      0.01510344	      0.02467416
      0.26000000	      0.00683708	      0.01509645	      0.02438990
      0.26500000	      0.00684769	      0.01510816	      0.02451627
      0.27000000	      0.00685808	      0.01511962	      0.02458300
      0.27500000	      0.00686868	      0.01513129	      0.02459458
      0.28000000	      0.00688030	      0.01514408	      0.02454958
      0.28500000	      0.00688925	      0.01515393	      0.02447300
      0.29000000	      0.00689546	      0.01516076	      0.02446125
      0.29500000	      0.00689794	      0.01516348	      0.02459364
      0.30000000	      0.00685213	      0.01511305	      0.02411080
      0.30500000	      0.00685611	      0.01511744	      0.02433277
      0.31000000	      0.00685279	      0.01511378	      0.02448566
      0.31500000	      0.00684496	      0.01510514	      0.02456859
      0.32000000	      0.00683470	      0.01509382	      0.02465656
      0.32500000	      0.00678283	      0.01503643	      0.02442255
      0.33000000	      0.00678687	      0.01504091	      0.02463031
      0.33500000	      0.00678203	      0.01503555	      0.02474561
      0.34000000	      0.00676328	      0.01501474	      0.02430892
      0.34500000	      0.00674082	      0.01498980	      0.02441013
      0.35000000	      0.00672979	      0.01497753	      0.02447888
      0.35500000	      0.00671582	      0.01496197	      0.02409428
      0.36000000	      0.00670748	      0.01495268	      0.02405900
      0.36500000	      0.00670484	      0.01494974	      0.02411062
      0.37000000	      0.00670802	      0.01495328	      0.02414694
      0.37500000	      0.00671857	      0.01496503	      0.02374756
      0.38000000	      0.00672118	      0.01496794	      0.02362842
      0.38500000	      0.00676980	      0.01502199	      0.02381003
      0.39000000	      0.00673350	      0.01498165	      0.02344395
      0.39500000	      0.00674120	      0.01499022	      0.02349343
      0.40000000	      0.00672218	      0.01496905	      0.02315762
      0.40500000	      0.00671375	      0.01495967	      0.02289612
      0.41000000	      0.00669379	      0.01493742	      0.02282132
      0.41500000	      0.00666075	      0.01490050	      0.02273828
      0.42000000	      0.00661789	      0.01485248	      0.02264269
      0.42500000	      0.00651541	      0.01473704	      0.02268335
      0.43000000	      0.00648103	      0.01469811	      0.02252473
      0.43500000	      0.00645708	      0.01467093	      0.02238763
      0.44000000	      0.00644666	      0.01465908	      0.02227766
      0.44500000	      0.00645429	      0.01466776	      0.02214650
      0.45000000	      0.00648039	      0.01469738	      0.02198978
      0.45500000	      0.00650997	      0.01473088	      0.02182396
      0.46000000	      0.00650034	      0.01471999	      0.02187919
      0.46500000	      0.00648785	      0.01470584	      0.02175895
      0.47000000	      0.00647089	      0.01468661	      0.02159357
      0.47500000	      0.00635581	      0.01455543	      0.02179358
      0.48000000	      0.00625751	      0.01444242	      0.02142046
      0.48500000	      0.00616074	      0.01433032	      0.02118932
      0.49000000	      0.00605755	      0.01420980	      0.02137396
      0.49500000	      0.00592546	      0.01405401	      0.02093058
      0.50000000	      0.00583725	      0.01394902	      0.02090693
      0.50500000	      0.00569724	      0.01378071	      0.02034390
      0.51000000	      0.00564676	      0.01371952	      0.02026420
      0.51500000	      0.00555691	      0.01360994	      0.01988499
      0.52000000	      0.00544284	      0.01346953	      0.01983401
      0.52500000	      0.00536013	      0.01336679	      0.01914207
      0.53000000	      0.00513385	      0.01308160	      0.01942931
      0.53500000	      0.00506158	      0.01298920	      0.01905237
      0.54000000	      0.00501949	      0.01293509	      0.01901713
      0.54500000	      0.00502334	      0.01294004	      0.01925191
      0.55000000	      0.00501593	      0.01293050	      0.01942535
      0.55500000	      0.00504758	      0.01297123	      0.01933002
      0.56000000	      0.00507595	      0.01300762	      0.01969245
      0.56500000	      0.00510658	      0.01304682	      0.01967679
      0.57000000	      0.00513952	      0.01308882	      0.02020941
      0.57500000	      0.00511114	      0.01305264	      0.01949646
      0.58000000	      0.00512789	      0.01307401	      0.01989616
      0.58500000	      0.00511485	      0.01305737	      0.01975264
      0.59000000	      0.00512194	      0.01306642	      0.02010304
      0.59500000	      0.00508751	      0.01302243	      0.02002521
      0.60000000	      0.00509995	      0.01303834	      0.02008283
      0.60500000	      0.00511306	      0.01305509	      0.02012278
      0.61000000	      0.00513104	      0.01307803	      0.02014520
      0.61500000	      0.00512293	      0.01306768	      0.02009139
      0.62000000	      0.00513874	      0.01308784	      0.02063893
      0.62500000	      0.00517512	      0.01313407	      0.02077343
      0.63000000	      0.00520221	      0.01316841	      0.02095021
      0.63500000	      0.00518721	      0.01314941	      0.02105438
      0.64000000	      0.00521997	      0.01319087	      0.02132448
      0.64500000	      0.00519869	      0.01316396	      0.02149119
      0.65000000	      0.00519911	      0.01316448	      0.02174393
      0.65500000	      0.00519302	      0.01315678	      0.02199578
      0.66000000	      0.00521789	      0.01318824	      0.02228801
      0.66500000	      0.00518761	      0.01314992	      0.02237742
      0.67000000	      0.00518799	      0.01315040	      0.02252164
      0.67500000	      0.00519211	      0.01315562	      0.02264557
      0.68000000	      0.00519421	      0.01315828	      0.02273044
      0.68500000	      0.00519625	      0.01316086	      0.02278440
      0.69000000	      0.00519608	      0.01316065	      0.02276113
      0.69500000	      0.00522065	      0.01319172	      0.02285950
      0.70000000	      0.00519209	      0.01315559	      0.02277053
      0.70500000	      0.00518758	      0.01314988	      0.02256086
      0.71000000	      0.00520267	      0.01316899	      0.02257458
      0.71500000	      0.00518604	      0.01314793	      0.02221735
      0.72000000	      0.00518092	      0.01314144	      0.02191344
      0.72500000	      0.00518817	      0.01315062	      0.02168728
      0.73000000	      0.00518792	      0.01315031	      0.02135624
      0.73500000	      0.00520431	      0.01317107	      0.02124846
      0.74000000	      0.00524521	      0.01322272	      0.02090243
      0.74500000	      0.00521933	      0.01319006	      0.02067012
      0.75000000	      0.00527873	      0.01326490	      0.02126040
      0.75500000	      0.00526410	      0.01324651	      0.02114861
      0.76000000	      0.00526855	      0.01325211	      0.02119731
      0.76500000	      0.00529656	      0.01328729	      0.02153294
      0.77000000	      0.00532307	      0.01332050	      0.02178338
      0.77500000	      0.00534380	      0.01334641	      0.02180479
      0.78000000	      0.00537765	      0.01338861	      0.02205711
      0.78500000	      0.00539502	      0.01341022	      0.02204765
      0.79000000	      0.00544461	      0.01347171	      0.02232118
      0.79500000	      0.00549821	      0.01353786	      0.02256205
      0.80000000	      0.00555855	      0.01361194	      0.02275347
      0.80500000	      0.00561841	      0.01368504	      0.02246948
      0.81000000	      0.00569850	      0.01378224	      0.02278676
      0.81500000	      0.00578837	      0.01389049	      0.02297031
      0.82000000	      0.00588333	      0.01400396	      0.02268212
      0.82500000	      0.00597514	      0.01411281	      0.02280051
      0.83000000	      0.00607857	      0.01423443	      0.02289773
      0.83500000	      0.00618862	      0.01436271	      0.02295718
      0.84000000	      0.00632711	      0.01452252	      0.02254817
      0.84500000	      0.00642119	      0.01463009	      0.02316106
      0.85000000	      0.00652314	      0.01474577	      0.02419974
      0.85500000	      0.00664191	      0.01487941	      0.02364481
      0.86000000	      0.00670584	      0.01495085	      0.02474820
      0.86500000	      0.00676663	      0.01501847	      0.02488217
      0.87000000	      0.00677497	      0.01502772	      0.02529932
      0.87500000	      0.00685723	      0.01511867	      0.02522967
      0.88000000	      0.00686696	      0.01512940	      0.02585215
      0.88500000	      0.00696148	      0.01523316	      0.02560503
      0.89000000	      0.00693109	      0.01519988	      0.02621613
      0.89500000	      0.00687783	      0.01514137	      0.02656675
      0.90000000	      0.00688698	      0.01515143	      0.02623224
      0.90500000	      0.00686999	      0.01513273	      0.02601632
      0.91000000	      0.00678134	      0.01503478	      0.02661768
      0.91500000	      0.00673154	      0.01497947	      0.02625366
      0.92000000	      0.00666322	      0.01490326	      0.02609479
      0.92500000	      0.00660003	      0.01483243	      0.02611771
      0.93000000	      0.00655231	      0.01477871	      0.02619263
      0.93500000	      0.00655155	      0.01477785	      0.02570751
      0.94000000	      0.00651241	      0.01473365	      0.02619493
      0.94500000	      0.00654435	      0.01476973	      0.02552666
      0.95000000	      0.00650890	      0.01472968	      0.02599896
      0.95500000	      0.00652537	      0.01474830	      0.02537837
      0.96000000	      0.00647374	      0.01468984	      0.02541829
      0.96500000	      0.00642319	      0.01463238	      0.02481999
      0.97000000	      0.00633307	      0.01452936	      0.02450559
      0.97500000	      0.00623403	      0.01441531	      0.02369676
      0.98000000	      0.00611092	      0.01427225	      0.02335278
      0.98500000	      0.00601675	      0.01416186	      0.02264750
      0.99000000	      0.00591003	      0.01403570	      0.02342317
      0.99500000	      0.00585371	      0.01396867	      0.02330555
      1.00000000	      0.00581480	      0.01392217	      0.02286665
      1.00500000	      0.00585096	      0.01396539	      0.02318403
      1.01000000	      0.00587783	      0.01399742	      0.02303584
      1.01500000	      0.00592940	      0.01405869	      0.02306612
      1.02000000	      0.00596887	      0.01410540	      0.02270645
      1.02500000	      0.00603441	      0.01418263	      0.02243399
      1.03000000	      0.00609868	      0.01425796	      0.02231022
      1.03500000	      0.00615326	      0.01432161	      0.02253270
      1.04000000	      0.00618519	      0.01435873	      0.02246658
      1.04500000	      0.00621195	      0.01438975	      0.02269800
      1.05000000	      0.00616711	      0.01433773	      0.02282863
      1.05500000	      0.00617785	      0.01435020	      0.02290039
      1.06000000	      0.00620655	      0.01438350	      0.02288647
      1.06500000	      0.00621555	      0.01439392	      0.02291541
      1.07000000	      0.00623618	      0.01441779	      0.02290842
      1.07500000	      0.00617971	      0.01435236	      0.02261887
      1.08000000	      0.00618913	      0.01436330	      0.02269657
      1.08500000	      0.00619894	      0.01437468	      0.02252419
      1.09000000	      0.00622866	      0.01440909	      0.02248823
      1.09500000	      0.00626428	      0.01445024	      0.02249536
      1.10000000	      0.00625775	      0.01444270	      0.02293830
      1.10500000	      0.00628720	      0.01447664	      0.02320959
      1.11000000	      0.00631015	      0.01450305	      0.02355403
      1.11500000	      0.00633165	      0.01452773	      0.02379484
      1.12000000	      0.00633846	      0.01453554	      0.02395310
      1.12500000	      0.00636759	      0.01456890	      0.02414793
      1.13000000	      0.00638591	      0.01458985	      0.02431886
      1.13500000	      0.00641926	      0.01462790	      0.02447856
      1.14000000	      0.00643543	      0.01464631	      0.02458380
      1.14500000	      0.00646721	      0.01468243	      0.02469690
      1.15000000	      0.00647456	      0.01469077	      0.02477015
      1.15500000	      0.00649187	      0.01471039	      0.02488852
      1.16000000	      0.00651026	      0.01473121	      0.02494709
      1.16500000	      0.00651575	      0.01473743	      0.02498260
      1.17000000	      0.00651641	      0.01473817	      0.02501616
      1.17500000	      0.00651669	      0.01473849	      0.02507310
      1.18000000	      0.00651856	      0.01474060	      0.02515607
      1.18500000	      0.00654946	      0.01477549	      0.02531875
      1.19000000	      0.00651194	      0.01473311	      0.02582759
      1.19500000	      0.00651873	      0.01474080	      0.02582382
      1.20000000	      0.00652450	      0.01474731	      0.02577789
      1.20500000	      0.00653164	      0.01475538	      0.02571785
      1.21000000	      0.00654430	      0.01476968	      0.02566458
      1.21500000	      0.00653399	      0.01475803	      0.02537283
      1.22000000	      0.00654927	      0.01477528	      0.02544128
      1.22500000	      0.00656040	      0.01478783	      0.02544919
      1.23000000	      0.00655057	      0.01477675	      0.02514880
      1.23500000	      0.00657178	      0.01480065	      0.02519704
      1.24000000	      0.00659077	      0.01482202	      0.02519261
      1.24500000	      0.00659800	      0.01483015	      0.02512528
      1.25000000	      0.00660814	      0.01484154	      0.02504800
      1.25500000	      0.00661131	      0.01484510	      0.02492502
      1.26000000	      0.00661415	      0.01484829	      0.02479748
      1.26500000	      0.00662579	      0.01486135	      0.02472355
      1.27000000	      0.00660425	      0.01483717	      0.02460006
      1.27500000	      0.00661041	      0.01484409	      0.02447448
      1.28000000	      0.00661647	      0.01485089	      0.02436267
      1.28500000	      0.00660280	      0.01483554	      0.02416269
      1.29000000	      0.00661040	      0.01484408	      0.02399070
      1.29500000	      0.00662205	      0.01485715	      0.02381427
      1.30000000	      0.00663756	      0.01487455	      0.02384201
      1.30500000	      0.00665889	      0.01489843	      0.02365301
      1.31000000	      0.00666891	      0.01490963	      0.02385995
      1.31500000	      0.00669663	      0.01494058	      0.02399114
      1.32000000	      0.00671634	      0.01496256	      0.02367435
      1.32500000	      0.00673687	      0.01498540	      0.02393091
      1.33000000	      0.00677914	      0.01503234	      0.02412926
      1.33500000	      0.00682945	      0.01508802	      0.02409002
      1.34000000	      0.00683353	      0.01509253	      0.02369314
      1.34500000	      0.00688076	      0.01514459	      0.02393920
      1.35000000	      0.00692757	      0.01519602	      0.02417975
      1.35500000	      0.00697634	      0.01524941	      0.02435604
      1.36000000	      0.00700902	      0.01528509	      0.02446736
      1.36500000	      0.00706020	      0.01534079	      0.02473364
      1.37000000	      0.00704812	      0.01532767	      0.02385093
      1.37500000	      0.00704146	      0.01532043	      0.02352919
      1.38000000	      0.00700672	      0.01528259	      0.02347513
      1.38500000	      0.00694498	      0.01521511	      0.02331103
      1.39000000	      0.00687378	      0.01513691	      0.02306549
      1.39500000	      0.00678978	      0.01504414	      0.02276223
      1.40000000	      0.00668968	      0.01493283	      0.02251539
      1.40500000	      0.00658391	      0.01481430	      0.02246789
      1.41000000	      0.00645050	      0.01466344	      0.02256809
      1.41500000	      0.00637559	      0.01457805	      0.02237615
      1.42000000	      0.00632245	      0.01451717	      0.02223854
      1.42500000	      0.00626328	      0.01444908	      0.02234198
      1.43000000	      0.00626765	      0.01445412	      0.02214730
      1.43500000	      0.00631029	      0.01450321	      0.02207082
      1.44000000	      0.00633563	      0.01453230	      0.02215154
      1.44500000	      0.00642465	      0.01463404	      0.02194295
      1.45000000	      0.00649904	      0.01471852	      0.02170210
      1.45500000	      0.00658464	      0.01481513	      0.02173433
      1.46000000	      0.00656771	      0.01479607	      0.02173563
      1.46500000	      0.00655465	      0.01478135	      0.02174657
      1.47000000	      0.00648475	      0.01470232	      0.02200998
      1.47500000	      0.00637962	      0.01458266	      0.02172179
      1.48000000	      0.00629827	      0.01448938	      0.02174495
      1.48500000	      0.00612372	      0.01428720	      0.02118841
      1.49000000	      0.00595721	      0.01409162	      0.02135883
      1.49500000	      0.00578212	      0.01388298	      0.02067112
      1.50000000	      0.00568510	      0.01376602	      0.02039376
      1.50500000	      0.00552971	      0.01357659	      0.01985961
      1.51000000	      0.00538920	      0.01340299	      0.01996161
      1.51500000	      0.00530784	      0.01330143	      0.01936228
      1.52000000	      0.00523470	      0.01320946	      0.01932170
      1.52500000	      0.00517423	      0.01313295	      0.01935054
      1.53000000	      0.00512957	      0.01307615	      0.01946203
      1.53500000	      0.00509422	      0.01303102	      0.01936469
      1.54000000	      0.00511425	      0.01305661	      0.01961356
      1.54500000	      0.00514315	      0.01309344	      0.01973933
      1.55000000	      0.00517561	      0.01313470	      0.02026437
      1.55500000	      0.00516029	      0.01311525	      0.01967156
      1.56000000	      0.00518009	      0.01314038	      0.02012906
      1.56500000	      0.00515263	      0.01310551	      0.01998899
      1.57000000	      0.00515384	      0.01310705	      0.02046962
      1.57500000	      0.00508859	      0.01302381	      0.01949003
      1.58000000	      0.00508292	      0.01301656	      0.01989100
      1.58500000	      0.00502794	      0.01294596	      0.01972872
      1.59000000	      0.00503454	      0.01295445	      0.02007095
      1.59500000	      0.00498277	      0.01288768	      0.02016324
      1.60000000	      0.00500330	      0.01291420	      0.02039992
      1.60500000	      0.00501399	      0.01292799	      0.02060869
      1.61000000	      0.00497879	      0.01288253	      0.02076037
      1.61500000	      0.00496892	      0.01286975	      0.02098167
      1.62000000	      0.00501228	      0.01292579	      0.02128105
      1.62500000	      0.00499778	      0.01290707	      0.02155861
      1.63000000	      0.00504041	      0.01296201	      0.02184582
      1.63500000	      0.00503755	      0.01295833	      0.02201517
      1.64000000	      0.00504703	      0.01297052	      0.02225908
      1.64500000	      0.00505527	      0.01298110	      0.02247714
      1.65000000	      0.00506273	      0.01299068	      0.02271567
      1.65500000	      0.00507109	      0.01300139	      0.02292855
      1.66000000	      0.00507781	      0.01301001	      0.02301661
      1.66500000	      0.00508761	      0.01302256	      0.02316391
      1.67000000	      0.00511997	      0.01306391	      0.02341263
      1.67500000	      0.00513141	      0.01307849	      0.02348813
      1.68000000	      0.00511923	      0.01306296	      0.02327242
      1.68500000	      0.00513368	      0.01308139	      0.02320923
      1.69000000	      0.00514965	      0.01310171	      0.02320018
      1.69500000	      0.00513603	      0.01308438	      0.02299481
      1.70000000	      0.00514860	      0.01310039	      0.02278357
      1.70500000	      0.00515725	      0.01311138	      0.02302185
      1.71000000	      0.00513474	      0.01308274	      0.02264482
      1.71500000	      0.00515687	      0.01311090	      0.02256933
      1.72000000	      0.00516009	      0.01311500	      0.02252292
      1.72500000	      0.00515170	      0.01310433	      0.02214184
      1.73000000	      0.00518847	      0.01315101	      0.02201459
      1.73500000	      0.00517998	      0.01314024	      0.02171523
      1.74000000	      0.00519306	      0.01315682	      0.02151577
      1.74500000	      0.00524095	      0.01321735	      0.02136214
      1.75000000	      0.00523273	      0.01320697	      0.02087673
      1.75500000	      0.00525722	      0.01323785	      0.02041816
      1.76000000	      0.00526923	      0.01325296	      0.02010782
      1.76500000	      0.00532260	      0.01331991	      0.02049953
      1.77000000	      0.00533773	      0.01333883	      0.02071386
      1.77500000	      0.00535378	      0.01335886	      0.02055582
      1.78000000	      0.00537745	      0.01338836	      0.02054659
      1.78500000	      0.00541111	      0.01343020	      0.02075467
      1.79000000	      0.00544703	      0.01347471	      0.02084147
      1.79500000	      0.00546693	      0.01349929	      0.02052950
      1.80000000	      0.00550616	      0.01354764	      0.02056484
      1.80500000	      0.00554787	      0.01359886	      0.02054305
      1.81000000	      0.00559692	      0.01365885	      0.02061929
      1.81500000	      0.00565474	      0.01372921	      0.02073066
      1.82000000	      0.00572339	      0.01381230	      0.02074209
      1.82500000	      0.00579190	      0.01389473	      0.02137152
      1.83000000	      0.00588432	      0.01400514	      0.02120176
      1.83500000	      0.00595773	      0.01409223	      0.02231896
      1.84000000	      0.00604104	      0.01419042	      0.02331765
      1.84500000	      0.00609384	      0.01425230	      0.02316417
      1.85000000	      0.00616730	      0.01433795	      0.02409124
      1.85500000	      0.00624389	      0.01442670	      0.02480243
      1.86000000	      0.00634953	      0.01454823	      0.02439097
      1.86500000	      0.00640737	      0.01461434	      0.02500007
      1.87000000	      0.00644874	      0.01466144	      0.02524382
      1.87500000	      0.00650198	      0.01472184	      0.02544427
      1.88000000	      0.00658161	      0.01481172	      0.02529015
      1.88500000	      0.00653255	      0.01475641	      0.02594281
      1.89000000	      0.00655538	      0.01478217	      0.02585183
      1.89500000	      0.00656077	      0.01478825	      0.02583903
      1.90000000	      0.00654578	      0.01477135	      0.02598664
      1.90500000	      0.00651829	      0.01474029	      0.02622945
      1.91000000	      0.00649078	      0.01470916	      0.02653170
      1.91500000	      0.00647306	      0.01468906	      0.02680456
      1.92000000	      0.00649934	      0.01471885	      0.02635303
      1.92500000	      0.00648122	      0.01469832	      0.02670545
      1.93000000	      0.00647454	      0.01469075	      0.02672103
      1.93500000	      0.00646005	      0.01467430	      0.02641489
      1.94000000	      0.00644464	      0.01465679	      0.02507884
      1.94500000	      0.00635539	      0.01455495	      0.02465377
      1.95000000	      0.00625294	      0.01443715	      0.02394844
      1.95500000	      0.00610631	      0.01426687	      0.02295665
      1.96000000	      0.00596597	      0.01410197	      0.02242850
      1.96500000	      0.00584388	      0.01395694	      0.02257034
      1.97000000	      0.00572971	      0.01381993	      0.02291493
      1.97500000	      0.00566332	      0.01373962	      0.02279694
      1.98000000	      0.00554640	      0.01359706	      0.02315061
      1.98500000	      0.00555105	      0.01360276	      0.02281774
      1.99000000	      0.00558691	      0.01364662	      0.02287464
      1.99500000	      0.00564776	      0.01372074	      0.02270506
      2.00000000	      0.00571095	      0.01379728	      0.02251155
      2.00500000	      0.00578580	      0.01388740	      0.02215808
      2.01000000	      0.00583562	      0.01394707	      0.02196907
      2.01500000	      0.00588570	      0.01400679	      0.02201284
      2.02000000	      0.00592641	      0.01405514	      0.02198270
      2.02500000	      0.00595732	      0.01409174	      0.02207607
      2.03000000	      0.00596405	      0.01409971	      0.02218861
      2.03500000	      0.00590698	      0.01403208	      0.02173334
      2.04000000	      0.00587595	      0.01399518	      0.02201123
      2.04500000	      0.00586141	      0.01397785	      0.02186209
      2.05000000	      0.00584251	      0.01395529	      0.02162130
      2.05500000	      0.00577533	      0.01387484	      0.02138269
      2.06000000	      0.00576056	      0.01385708	      0.02140420
      2.06500000	      0.00575630	      0.01385196	      0.02145397
      2.07000000	      0.00576469	      0.01386204	      0.02139586
      2.07500000	      0.00578847	      0.01389060	      0.02141339
      2.08000000	      0.00581954	      0.01392784	      0.02132977
      2.08500000	      0.00586310	      0.01397986	      0.02141248
      2.09000000	      0.00590482	      0.01402952	      0.02177285
      2.09500000	      0.00595455	      0.01408847	      0.02179430
      2.10000000	      0.00599901	      0.01414096	      0.02203715
      2.10500000	      0.00604281	      0.01419250	      0.02201407
      2.11000000	      0.00608261	      0.01423916	      0.02211200
      2.11500000	      0.00610822	      0.01426911	      0.02237268
      2.12000000	      0.00613264	      0.01429760	      0.02276197
      2.12500000	      0.00615461	      0.01432319	      0.02310281
      2.13000000	      0.00619275	      0.01436749	      0.02322583
      2.13500000	      0.00620894	      0.01438627	      0.02442028
      2.14000000	      0.00622652	      0.01440662	      0.02464240
      2.14500000	      0.00625597	      0.01444065	      0.02491510
      2.15000000	      0.00627136	      0.01445840	      0.02522018
      2.15500000	      0.00630052	      0.01449197	      0.02525101
      2.16000000	      0.00633055	      0.01452647	      0.02595052
      2.16500000	      0.00634873	      0.01454731	      0.02605932
      2.17000000	      0.00637634	      0.01457892	      0.02625473
      2.17500000	      0.00642063	      0.01462945	      0.02627519
      2.18000000	      0.00646835	      0.01468372	      0.02634446
      2.18500000	      0.00650742	      0.01472800	      0.02646881
      2.19000000	      0.00654829	      0.01477418	      0.02667395
      2.19500000	      0.00659022	      0.01482140	      0.02670154
      2.20000000	      0.00664859	      0.01488690	      0.02654932
      2.20500000	      0.00669407	      0.01493773	      0.02657132
      2.21000000	      0.00674880	      0.01499867	      0.02630536
      2.21500000	      0.00679720	      0.01505235	      0.02635196
      2.22000000	      0.00684327	      0.01510328	      0.02608382
      2.22500000	      0.00688275	      0.01514678	      0.02607430
      2.23000000	      0.00689840	      0.01516399	      0.02603087
      2.23500000	      0.00692362	      0.01519168	      0.02595586
      2.24000000	      0.00693494	      0.01520411	      0.02583715
      2.24500000	      0.00692983	      0.01519849	      0.02543800
      2.25000000	      0.00693575	      0.01520499	      0.02537021
      2.25500000	      0.00693042	      0.01519914	      0.02523822
      2.26000000	      0.00692692	      0.01519531	      0.02494515
      2.26500000	      0.00689833	      0.01516392	      0.02451267
      2.27000000	      0.00689397	      0.01515913	      0.02439405
      2.27500000	      0.00689520	      0.01516047	      0.02424799
      2.28000000	      0.00689442	      0.01515962	      0.02390541
      2.28500000	      0.00690552	      0.01517182	      0.02376883
      2.29000000	      0.00690007	      0.01516583	      0.02344648
      2.29500000	      0.00690714	      0.01517360	      0.02341138
      2.30000000	      0.00693118	      0.01519998	      0.02334193
      2.30500000	      0.00695616	      0.01522734	      0.02330293
      2.31000000	      0.00697092	      0.01524349	      0.02343062
      2.31500000	      0.00698407	      0.01525786	      0.02365304
      2.32000000	      0.00701065	      0.01528687	      0.02366206
      2.32500000	      0.00702564	      0.01530320	      0.02378530
      2.33000000	      0.00704806	      0.01532760	      0.02299308
      2.33500000	      0.00708537	      0.01536811	      0.02276127
      2.34000000	      0.00709461	      0.01537813	      0.02284661
      2.34500000	      0.00713992	      0.01542717	      0.02325766
      2.35000000	      0.00707039	      0.01535186	      0.02309373
      2.35500000	      0.00705585	      0.01533607	      0.02300213
      2.36000000	      0.00704206	      0.01532107	      0.02297520
      2.36500000	      0.00699211	      0.01526664	      0.02298887
      2.37000000	      0.00694471	      0.01521481	      0.02296826
      2.37500000	      0.00689548	      0.01516079	      0.02295582
      2.38000000	      0.00683857	      0.01509809	      0.02293757
      2.38500000	      0.00678284	      0.01503645	      0.02291116
      2.39000000	      0.00673356	      0.01498172	      0.02286798
      2.39500000	      0.00665646	      0.01489570	      0.02294510
      2.40000000	      0.00662922	      0.01486520	      0.02289262
      2.40500000	      0.00662939	      0.01486538	      0.02293282
      2.41000000	      0.00665254	      0.01489131	      0.02301303
      2.41500000	      0.00667582	      0.01491735	      0.02338049
      2.42000000	      0.00674915	      0.01499906	      0.02359082
      2.42500000	      0.00675924	      0.01501027	      0.02372019
      2.43000000	      0.00677884	      0.01503201	      0.02385080
      2.43500000	      0.00678256	      0.01503614	      0.02395186
      2.44000000	      0.00674931	      0.01499924	      0.02399146
      2.44500000	      0.00665339	      0.01489227	      0.02398919
      2.45000000	      0.00652943	      0.01475288	      0.02370681
      2.45500000	      0.00641753	      0.01462592	      0.02352225
      2.46000000	      0.00625442	      0.01443886	      0.02318908
      2.46500000	      0.00614711	      0.01431446	      0.02305394
      2.47000000	      0.00599547	      0.01413679	      0.02287951
      2.47500000	      0.00580116	      0.01390583	      0.02240285
      2.48000000	      0.00569772	      0.01378129	      0.02218058
      2.48500000	      0.00556026	      0.01361403	      0.02184147
      2.49000000	      0.00550680	      0.01354844	      0.02220690
      2.49500000	      0.00537114	      0.01338050	      0.02227434
      2.50000000	      0.00532895	      0.01332786	      0.02215126
      2.50500000	      0.00529357	      0.01328353	      0.02187720
      2.51000000	      0.00530066	      0.01329242	      0.02142638
      2.51500000	      0.00525114	      0.01323019	      0.02194789
      2.52000000	      0.00526237	      0.01324433	      0.02141095
      2.52500000	      0.00529127	      0.01328065	      0.02133621
      2.53000000	      0.00524297	      0.01321990	      0.02125825
      2.53500000	      0.00525860	      0.01323959	      0.02102812
      2.54000000	      0.00519246	      0.01315606	      0.02050383
      2.54500000	      0.00519831	      0.01316347	      0.02054302
      2.55000000	      0.00518876	      0.01315137	      0.02027429
      2.55500000	      0.00508586	      0.01302032	      0.01969673
      2.56000000	      0.00505645	      0.01298262	      0.01979726
      2.56500000	      0.00500279	      0.01291354	      0.01990737
      2.57000000	      0.00500451	      0.01291577	      0.02000537
      2.57500000	      0.00494230	      0.01283523	      0.02010369
      2.58000000	      0.00495592	      0.01285291	      0.02020188
      2.58500000	      0.00492387	      0.01281129	      0.02024254
      2.59000000	      0.00492399	      0.01281144	      0.02035441
      2.59500000	      0.00492106	      0.01280763	      0.02042543
      2.60000000	      0.00492603	      0.01281409	      0.02050402
      2.60500000	      0.00492938	      0.01281844	      0.02059266
      2.61000000	      0.00493923	      0.01283125	      0.02063654
      2.61500000	      0.00494454	      0.01283815	      0.02065156
      2.62000000	      0.00495203	      0.01284787	      0.02069062
      2.62500000	      0.00495512	      0.01285187	      0.02072995
      2.63000000	      0.00495525	      0.01285204	      0.02073146
      2.63500000	      0.00495677	      0.01285402	      0.02072519
      2.64000000	      0.00495776	      0.01285530	      0.02069734
      2.64500000	      0.00496229	      0.01286117	      0.02062068
      2.65000000	      0.00496858	      0.01286932	      0.02056609
      2.65500000	      0.00498317	      0.01288820	      0.02055396
      2.66000000	      0.00500016	      0.01291015	      0.02054817
      2.66500000	      0.00500836	      0.01292074	      0.02032046
      2.67000000	      0.00502238	      0.01293880	      0.02017722
      2.67500000	      0.00503943	      0.01296075	      0.01995636
      2.68000000	      0.00506650	      0.01299552	      0.01985370
      2.68500000	      0.00513383	      0.01308158	      0.01984333
      2.69000000	      0.00511624	      0.01305914	      0.01971283
      2.69500000	      0.00519498	      0.01315926	      0.02018821
      2.70000000	      0.00518843	      0.01315095	      0.01998639
      2.70500000	      0.00524120	      0.01321767	      0.02030446
      2.71000000	      0.00533124	      0.01333071	      0.02076993
      2.71500000	      0.00531961	      0.01331617	      0.02056732
      2.72000000	      0.00537192	      0.01338148	      0.02081514
      2.72500000	      0.00546999	      0.01350308	      0.02125370
      2.73000000	      0.00547495	      0.01350919	      0.02133935
      2.73500000	      0.00551342	      0.01355657	      0.02143063
      2.74000000	      0.00555422	      0.01360664	      0.02155250
      2.74500000	      0.00559262	      0.01365359	      0.02169353
      2.75000000	      0.00560534	      0.01366911	      0.02137920
      2.75500000	      0.00563589	      0.01370631	      0.02158985
      2.76000000	      0.00567823	      0.01375770	      0.02183307
      2.76500000	      0.00571794	      0.01380573	      0.02156193
      2.77000000	      0.00575632	      0.01385198	      0.02182147
      2.77500000	      0.00580460	      0.01390995	      0.02195244
      2.78000000	      0.00585922	      0.01397523	      0.02200054
      2.78500000	      0.00588345	      0.01400411	      0.02128170
      2.79000000	      0.00592954	      0.01405886	      0.02213169
      2.79500000	      0.00599319	      0.01413410	      0.02293098
      2.80000000	      0.00610125	      0.01426096	      0.02234589
      2.80500000	      0.00615615	      0.01432498	      0.02331986
      2.81000000	      0.00620545	      0.01438222	      0.02314388
      2.81500000	      0.00624704	      0.01443034	      0.02374305
      2.82000000	      0.00628666	      0.01447602	      0.02378362
      2.82500000	      0.00632993	      0.01452576	      0.02408120
      2.83000000	      0.00643033	      0.01464050	      0.02357277
      2.83500000	      0.00637019	      0.01457188	      0.02483658
      2.84000000	      0.00642634	      0.01463596	      0.02461127
      2.84500000	      0.00646708	      0.01468228	      0.02452545
      2.85000000	      0.00641918	      0.01462781	      0.02504516
      2.85500000	      0.00641643	      0.01462467	      0.02446618
      2.86000000	      0.00637909	      0.01458206	      0.02400376
      2.86500000	      0.00626862	      0.01445524	      0.02438619
      2.87000000	      0.00619543	      0.01437060	      0.02388983
      2.87500000	      0.00612250	      0.01428577	      0.02359988
      2.88000000	      0.00606059	      0.01421336	      0.02351665
      2.88500000	      0.00599387	      0.01413491	      0.02457154
      2.89000000	      0.00603548	      0.01418388	      0.02406899
      2.89500000	      0.00610578	      0.01426626	      0.02406271
      2.90000000	      0.00618085	      0.01435369	      0.02473718
      2.90500000	      0.00629184	      0.01448199	      0.02501635
      2.91000000	      0.00640244	      0.01460872	      0.02530365
      2.91500000	      0.00647747	      0.01469407	      0.02580052
      2.92000000	      0.00650154	      0.01472134	      0.02603671
      2.92500000	      0.00650385	      0.01472396	      0.02582611
      2.93000000	      0.00638501	      0.01458881	      0.02506310
      2.93500000	      0.00624933	      0.01443298	      0.02452537
      2.94000000	      0.00607720	      0.01423283	      0.02387345
      2.94500000	      0.00590334	      0.01402776	      0.02279373
      2.95000000	      0.00573418	      0.01382531	      0.02212201
      2.95500000	      0.00556751	      0.01362291	      0.02143571
      2.96000000	      0.00541089	      0.01342993	      0.02090558
      2.96500000	      0.00531297	      0.01330785	      0.02058707
      2.97000000	      0.00526928	      0.01325303	      0.02010712
      2.97500000	      0.00525186	      0.01323110	      0.02025311
      2.98000000	      0.00527666	      0.01326230	      0.02038197
      2.98500000	      0.00533026	      0.01332949	      0.02035871
      2.99000000	      0.00535320	      0.01335814	      0.02046562
      2.99500000	      0.00542467	      0.01344702	      0.02100959
      3.00000000	      0.00551533	      0.01355892	      0.02149858
      3.00500000	      0.00557149	      0.01362778	      0.02166098
      3.01000000	      0.00564982	      0.01372324	      0.02196111
      3.01500000	      0.00569415	      0.01377698	      0.02227415
      3.02000000	      0.00575591	      0.01385149	      0.02233374
      3.02500000	      0.00575801	      0.01385401	      0.02218918
      3.03000000	      0.00578689	      0.01388871	      0.02222026
      3.03500000	      0.00577816	      0.01387823	      0.02259749
      3.04000000	      0.00577298	      0.01387202	      0.02321595
      3.04500000	      0.00577773	      0.01387772	      0.02338528
      3.05000000	      0.00576411	      0.01386135	      0.02383451
      3.05500000	      0.00578035	      0.01388086	      0.02412317
      3.06000000	      0.00578312	      0.01388419	      0.02443702
      3.06500000	      0.00577562	      0.01387518	      0.02476584
      3.07000000	      0.00580593	      0.01391154	      0.02492138
      3.07500000	      0.00580569	      0.01391126	      0.02510214
      3.08000000	      0.00584449	      0.01395766	      0.02525238
      3.08500000	      0.00585041	      0.01396473	      0.02530483
      3.09000000	      0.00588146	      0.01400174	      0.02549213
      3.09500000	      0.00590107	      0.01402506	      0.02536679
      3.10000000	      0.00593131	      0.01406095	      0.02551987
      3.10500000	      0.00596534	      0.01410123	      0.02547028
      3.11000000	      0.00597623	      0.01411409	      0.02547061
      3.11500000	      0.00599607	      0.01413750	      0.02545312
      3.12000000	      0.00605824	      0.01421061	      0.02548907
      3.12500000	      0.00605344	      0.01420498	      0.02546096
      3.13000000	      0.00606255	      0.01421566	      0.02537395
      3.13500000	      0.00608583	      0.01424293	      0.02543975
      3.14000000	      0.00611169	      0.01427316	      0.02547050
      3.14500000	      0.00614316	      0.01430986	      0.02551990
      3.15000000	      0.00616194	      0.01433171	      0.02516842
      3.15500000	      0.00619201	      0.01436664	      0.02532312
      3.16000000	      0.00621295	      0.01439091	      0.02520272
      3.16500000	      0.00625032	      0.01443413	      0.02523212
      3.17000000	      0.00625816	      0.01444318	      0.02527589
      3.17500000	      0.00627986	      0.01446820	      0.02521036
      3.18000000	      0.00629605	      0.01448683	      0.02509110
      3.18500000	      0.00630122	      0.01449278	      0.02492372
      3.19000000	      0.00630390	      0.01449586	      0.02475618
      3.19500000	      0.00630189	      0.01449355	      0.02457930
      3.20000000	      0.00629997	      0.01449134	      0.02439493
      3.20500000	      0.00630677	      0.01449916	      0.02405243
      3.21000000	      0.00629272	      0.01448300	      0.02395525
      3.21500000	      0.00628278	      0.01447156	      0.02388098
      3.22000000	      0.00626778	      0.01445427	      0.02372716
      3.22500000	      0.00626033	      0.01444568	      0.02357972
      3.23000000	      0.00626502	      0.01445109	      0.02348392
      3.23500000	      0.00630114	      0.01449269	      0.02340687
      3.24000000	      0.00630545	      0.01449764	      0.02329222
      3.24500000	      0.00632353	      0.01451842	      0.02315143
      3.25000000	      0.00633586	      0.01453256	      0.02310086
      3.25500000	      0.00637441	      0.01457671	      0.02309562
      3.26000000	      0.00639554	      0.01460085	      0.02302822
      3.26500000	      0.00643697	      0.01464806	      0.02285087
      3.27000000	      0.00646701	      0.01468220	      0.02282972
      3.27500000	      0.00650047	      0.01472014	      0.02275285
      3.28000000	      0.00654147	      0.01476648	      0.02255019
      3.28500000	      0.00659545	      0.01482728	      0.02259585
      3.29000000	      0.00661282	      0.01484679	      0.02241347
      3.29500000	      0.00665099	      0.01488958	      0.02254140
      3.30000000	      0.00663902	      0.01487618	      0.02256898
      3.30500000	      0.00665773	      0.01489712	      0.02294193
      3.31000000	      0.00665322	      0.01489208	      0.02268656
      3.31500000	      0.00663069	      0.01486685	      0.02273408
      3.32000000	      0.00660332	      0.01483612	      0.02275290
      3.32500000	      0.00655305	      0.01477955	      0.02260789
      3.33000000	      0.00648832	      0.01470637	      0.02250729
      3.33500000	      0.00640808	      0.01461515	      0.02243539
      3.34000000	      0.00632196	      0.01451661	      0.02219447
      3.34500000	      0.00623025	      0.01441094	      0.02224139
      3.35000000	      0.00612383	      0.01428733	      0.02206204
      3.35500000	      0.00602805	      0.01417516	      0.02205997
      3.36000000	      0.00595944	      0.01409425	      0.02198445
      3.36500000	      0.00591691	      0.01404387	      0.02192843
      3.37000000	      0.00587803	      0.01399766	      0.02161485
      3.37500000	      0.00584304	      0.01395593	      0.02189653
      3.38000000	      0.00585492	      0.01397012	      0.02192777
      3.38500000	      0.00593905	      0.01407012	      0.02172883
      3.39000000	      0.00598299	      0.01412208	      0.02158097
      3.39500000	      0.00597909	      0.01411747	      0.02168840
      3.40000000	      0.00601958	      0.01416519	      0.02171526
      3.40500000	      0.00603947	      0.01418857	      0.02162510
      3.41000000	      0.00597844	      0.01411670	      0.02157098
      3.41500000	      0.00594402	      0.01407601	      0.02141960
      3.42000000	      0.00582795	      0.01393790	      0.02101830
      3.42500000	      0.00568756	      0.01376900	      0.02055340
      3.43000000	      0.00552107	      0.01356598	      0.02018176
      3.43500000	      0.00534358	      0.01334613	      0.01990745
      3.44000000	      0.00511482	      0.01305734	      0.01931105
      3.44500000	      0.00498318	      0.01288822	      0.01881648
      3.45000000	      0.00486394	      0.01273308	      0.01860475
      3.45500000	      0.00478890	      0.01263447	      0.01877288
      3.46000000	      0.00475394	      0.01258827	      0.01885119
      3.46500000	      0.00474731	      0.01257949	      0.01924776
      3.47000000	      0.00473080	      0.01255760	      0.01882014
      3.47500000	      0.00478703	      0.01263201	      0.01929470
      3.48000000	      0.00481372	      0.01266717	      0.01883564
      3.48500000	      0.00488255	      0.01275742	      0.01932604
      3.49000000	      0.00494433	      0.01283787	      0.01971937
      3.49500000	      0.00499188	      0.01289946	      0.02006186
      3.50000000	      0.00500887	      0.01292139	      0.02028580
      3.50500000	      0.00501452	      0.01292868	      0.02043899
      3.51000000	      0.00488568	      0.01276150	      0.01903135
      3.51500000	      0.00485433	      0.01272049	      0.01921591
      3.52000000	      0.00484033	      0.01270214	      0.01935317
      3.52500000	      0.00474857	      0.01258116	      0.01949512
      3.53000000	      0.00474912	      0.01258189	      0.01965886
      3.53500000	      0.00469094	      0.01250458	      0.01978474
      3.54000000	      0.00468899	      0.01250199	      0.01994943
      3.54500000	      0.00468739	      0.01249985	      0.02010673
      3.55000000	      0.00468935	      0.01250247	      0.02025951
      3.55500000	      0.00469043	      0.01250390	      0.02040009
      3.56000000	      0.00471180	      0.01253235	      0.02056624
      3.56500000	      0.00472367	      0.01254813	      0.02068150
      3.57000000	      0.00473200	      0.01255920	      0.02072607
      3.57500000	      0.00473149	      0.01255852	      0.02083195
      3.58000000	      0.00473652	      0.01256520	      0.02082771
      3.58500000	      0.00472531	      0.01255031	      0.02074782
      3.59000000	      0.00471076	      0.01253098	      0.02070872
      3.59500000	      0.00468932	      0.01250242	      0.02068055
      3.60000000	      0.00466376	      0.01246831	      0.02064779
      3.60500000	      0.00463380	      0.01242819	      0.02062023
      3.61000000	      0.00459455	      0.01237545	      0.02058308
      3.61500000	      0.00456656	      0.01233769	      0.02061876
      3.62000000	      0.00454575	      0.01230955	      0.02058414
      3.62500000	      0.00456272	      0.01233251	      0.02029715
      3.63000000	      0.00450487	      0.01225407	      0.02023089
      3.63500000	      0.00454769	      0.01231217	      0.02007842
      3.64000000	      0.00451234	      0.01226423	      0.02000297
      3.64500000	      0.00453621	      0.01229663	      0.01977088
      3.65000000	      0.00457291	      0.01234627	      0.01947803
      3.65500000	      0.00461170	      0.01239852	      0.01955874
      3.66000000	      0.00465383	      0.01245503	      0.01935529
      3.66500000	      0.00470586	      0.01252445	      0.01913734
      3.67000000	      0.00474746	      0.01257969	      0.01915170
      3.67500000	      0.00480031	      0.01264952	      0.01943431
      3.68000000	      0.00483913	      0.01270056	      0.01949462
      3.68500000	      0.00488955	      0.01276655	      0.01973994
      3.69000000	      0.00493148	      0.01282117	      0.01965429
      3.69500000	      0.00499745	      0.01290666	      0.01992352
      3.70000000	      0.00507562	      0.01300720	      0.02007135
      3.70500000	      0.00516023	      0.01311517	      0.02006884
      3.71000000	      0.00526222	      0.01324414	      0.02018727
      3.71500000	      0.00537933	      0.01339071	      0.02028517
      3.72000000	      0.00550007	      0.01354016	      0.02038180
      3.72500000	      0.00567099	      0.01374892	      0.02103221
      3.73000000	      0.00576637	      0.01386406	      0.02204447
      3.73500000	      0.00589053	      0.01401253	      0.02314816
      3.74000000	      0.00599231	      0.01413306	      0.02416457
      3.74500000	      0.00605834	      0.01421073	      0.02402715
