Model Marker Errors from IK
version=1
nRows=750
nColumns=4
inDegrees=no
endheader
time	total_squared_error	marker_error_RMS	marker_error_max
      0.00000000	      0.00647854	      0.01469528	      0.02599152
      0.00500000	      0.00644749	      0.01466002	      0.02607954
      0.01000000	      0.00644546	      0.01465772	      0.02602657
      0.01500000	      0.00643523	      0.01464609	      0.02597381
      0.02000000	      0.00646461	      0.01467947	      0.02605220
      0.02500000	      0.00644347	      0.01465546	      0.02581953
      0.03000000	      0.00646501	      0.01467993	      0.02580098
      0.03500000	      0.00646198	      0.01467649	      0.02575869
      0.04000000	      0.00648719	      0.01470509	      0.02573380
      0.04500000	      0.00649298	      0.01471165	      0.02573282
      0.05000000	      0.00650226	      0.01472216	      0.02576229
      0.05500000	      0.00651066	      0.01473166	      0.02578673
      0.06000000	      0.00651414	      0.01473561	      0.02579827
      0.06500000	      0.00653349	      0.01475747	      0.02588645
      0.07000000	      0.00652621	      0.01474925	      0.02588929
      0.07500000	      0.00652913	      0.01475255	      0.02589073
      0.08000000	      0.00646961	      0.01468515	      0.02576430
      0.08500000	      0.00645736	      0.01467124	      0.02577315
      0.09000000	      0.00643605	      0.01464701	      0.02570565
      0.09500000	      0.00641953	      0.01462820	      0.02571773
      0.10000000	      0.00641070	      0.01461814	      0.02566182
      0.10500000	      0.00639725	      0.01460280	      0.02560798
      0.11000000	      0.00640251	      0.01460880	      0.02553758
      0.11500000	      0.00641111	      0.01461861	      0.02544102
      0.12000000	      0.00642563	      0.01463516	      0.02539815
      0.12500000	      0.00644252	      0.01465437	      0.02515687
      0.13000000	      0.00647687	      0.01469339	      0.02500653
      0.13500000	      0.00648140	      0.01469853	      0.02476320
      0.14000000	      0.00652483	      0.01474769	      0.02450617
      0.14500000	      0.00653653	      0.01476090	      0.02422858
      0.15000000	      0.00655041	      0.01477657	      0.02458692
      0.15500000	      0.00658468	      0.01481518	      0.02472044
      0.16000000	      0.00661207	      0.01484595	      0.02455421
      0.16500000	      0.00663944	      0.01487664	      0.02487189
      0.17000000	      0.00665850	      0.01489798	      0.02464390
      0.17500000	      0.00665287	      0.01489169	      0.02466433
      0.18000000	      0.00663479	      0.01487143	      0.02463951
      0.18500000	      0.00662585	      0.01486142	      0.02459644
      0.19000000	      0.00665412	      0.01489309	      0.02444740
      0.19500000	      0.00661011	      0.01484375	      0.02445207
      0.20000000	      0.00664804	      0.01488628	      0.02400441
      0.20500000	      0.00665542	      0.01489454	      0.02394445
      0.21000000	      0.00660261	      0.01483533	      0.02389610
      0.21500000	      0.00665047	      0.01488900	      0.02352030
      0.22000000	      0.00666446	      0.01490465	      0.02344261
      0.22500000	      0.00663292	      0.01486934	      0.02337046
      0.23000000	      0.00664037	      0.01487769	      0.02319786
      0.23500000	      0.00670160	      0.01494612	      0.02299702
      0.24000000	      0.00672429	      0.01497140	      0.02300705
      0.24500000	      0.00672172	      0.01496854	      0.02276751
      0.25000000	      0.00672333	      0.01497034	      0.02271602
      0.25500000	      0.00672636	      0.01497371	      0.02260569
      0.26000000	      0.00671919	      0.01496573	      0.02252128
      0.26500000	      0.00671043	      0.01495597	      0.02243336
      0.27000000	      0.00668032	      0.01492238	      0.02236311
      0.27500000	      0.00663324	      0.01486970	      0.02229958
      0.28000000	      0.00657054	      0.01479926	      0.02223762
      0.28500000	      0.00649823	      0.01471759	      0.02219110
      0.29000000	      0.00642016	      0.01462892	      0.02215906
      0.29500000	      0.00634756	      0.01454598	      0.02209653
      0.30000000	      0.00623505	      0.01441648	      0.02197319
      0.30500000	      0.00616028	      0.01432979	      0.02193710
      0.31000000	      0.00611532	      0.01427740	      0.02186214
      0.31500000	      0.00610565	      0.01426610	      0.02166650
      0.32000000	      0.00610118	      0.01426088	      0.02154944
      0.32500000	      0.00616665	      0.01433719	      0.02128014
      0.33000000	      0.00616748	      0.01433816	      0.02117373
      0.33500000	      0.00622393	      0.01440362	      0.02106375
      0.34000000	      0.00634824	      0.01454675	      0.02188270
      0.34500000	      0.00638338	      0.01458696	      0.02207535
      0.35000000	      0.00641808	      0.01462655	      0.02265058
      0.35500000	      0.00631490	      0.01450850	      0.02352976
      0.36000000	      0.00623881	      0.01442083	      0.02400292
      0.36500000	      0.00609305	      0.01425137	      0.02408308
      0.37000000	      0.00596027	      0.01409523	      0.02494995
      0.37500000	      0.00578135	      0.01388207	      0.02481625
      0.38000000	      0.00571225	      0.01379885	      0.02517907
      0.38500000	      0.00558976	      0.01365011	      0.02528440
      0.39000000	      0.00547543	      0.01350978	      0.02531520
      0.39500000	      0.00534026	      0.01334199	      0.02585032
      0.40000000	      0.00528224	      0.01326931	      0.02551883
      0.40500000	      0.00525344	      0.01323309	      0.02570735
      0.41000000	      0.00527326	      0.01325803	      0.02533743
      0.41500000	      0.00531742	      0.01331342	      0.02516137
      0.42000000	      0.00536748	      0.01337595	      0.02493320
      0.42500000	      0.00542126	      0.01344279	      0.02496759
      0.43000000	      0.00549479	      0.01353364	      0.02470418
      0.43500000	      0.00550384	      0.01354479	      0.02435428
      0.44000000	      0.00553234	      0.01357982	      0.02384946
      0.44500000	      0.00548327	      0.01351946	      0.02313887
      0.45000000	      0.00550540	      0.01354671	      0.02337031
      0.45500000	      0.00549265	      0.01353102	      0.02317040
      0.46000000	      0.00538472	      0.01339741	      0.02284378
      0.46500000	      0.00536527	      0.01337320	      0.02272932
      0.47000000	      0.00533461	      0.01333493	      0.02233269
      0.47500000	      0.00525169	      0.01323088	      0.02138497
      0.48000000	      0.00521214	      0.01318097	      0.02105401
      0.48500000	      0.00522150	      0.01319280	      0.02083518
      0.49000000	      0.00516295	      0.01311862	      0.02045805
      0.49500000	      0.00518123	      0.01314183	      0.02081252
      0.50000000	      0.00513456	      0.01308250	      0.02102802
      0.50500000	      0.00514413	      0.01309470	      0.02135009
      0.51000000	      0.00513333	      0.01308093	      0.02149576
      0.51500000	      0.00513051	      0.01307735	      0.02166349
      0.52000000	      0.00513161	      0.01307875	      0.02181262
      0.52500000	      0.00513222	      0.01307953	      0.02191618
      0.53000000	      0.00513136	      0.01307843	      0.02202035
      0.53500000	      0.00513534	      0.01308350	      0.02210944
      0.54000000	      0.00513205	      0.01307931	      0.02216911
      0.54500000	      0.00512642	      0.01307213	      0.02232516
      0.55000000	      0.00512391	      0.01306893	      0.02238557
      0.55500000	      0.00511599	      0.01305883	      0.02234398
      0.56000000	      0.00512693	      0.01307279	      0.02246420
      0.56500000	      0.00512561	      0.01307110	      0.02201433
      0.57000000	      0.00514248	      0.01309259	      0.02199310
      0.57500000	      0.00516381	      0.01311971	      0.02172024
      0.58000000	      0.00517202	      0.01313014	      0.02123264
      0.58500000	      0.00519536	      0.01315974	      0.02116678
      0.59000000	      0.00521675	      0.01318680	      0.02161768
      0.59500000	      0.00524153	      0.01321808	      0.02201070
      0.60000000	      0.00527709	      0.01326285	      0.02198039
      0.60500000	      0.00529005	      0.01327912	      0.02283524
      0.61000000	      0.00531238	      0.01330712	      0.02314608
      0.61500000	      0.00534147	      0.01334351	      0.02315705
      0.62000000	      0.00538153	      0.01339344	      0.02352567
      0.62500000	      0.00540645	      0.01342442	      0.02393691
      0.63000000	      0.00545146	      0.01348018	      0.02422384
      0.63500000	      0.00550161	      0.01354204	      0.02477048
      0.64000000	      0.00555943	      0.01361302	      0.02519145
      0.64500000	      0.00559549	      0.01365709	      0.02523662
      0.65000000	      0.00564741	      0.01372031	      0.02573373
      0.65500000	      0.00570444	      0.01378941	      0.02584412
      0.66000000	      0.00575431	      0.01384956	      0.02640921
      0.66500000	      0.00581196	      0.01391876	      0.02689289
      0.67000000	      0.00585593	      0.01397131	      0.02699411
      0.67500000	      0.00592586	      0.01405449	      0.02747402
      0.68000000	      0.00601125	      0.01415539	      0.02789153
      0.68500000	      0.00606386	      0.01421719	      0.02745065
      0.69000000	      0.00616444	      0.01433462	      0.02781712
      0.69500000	      0.00626294	      0.01444869	      0.02769374
      0.70000000	      0.00638087	      0.01458409	      0.02795961
      0.70500000	      0.00652057	      0.01474288	      0.02803949
      0.71000000	      0.00664095	      0.01487834	      0.02811176
      0.71500000	      0.00676481	      0.01501644	      0.02824774
      0.72000000	      0.00689351	      0.01515862	      0.02796893
      0.72500000	      0.00698231	      0.01525594	      0.02791872
      0.73000000	      0.00703607	      0.01531456	      0.02707372
      0.73500000	      0.00708957	      0.01537267	      0.02719137
      0.74000000	      0.00712966	      0.01541608	      0.02733026
      0.74500000	      0.00720719	      0.01549967	      0.02736433
      0.75000000	      0.00718339	      0.01547406	      0.02714151
      0.75500000	      0.00720872	      0.01550131	      0.02696284
      0.76000000	      0.00716042	      0.01544930	      0.02678397
      0.76500000	      0.00715459	      0.01544300	      0.02680227
      0.77000000	      0.00712959	      0.01541600	      0.02662269
      0.77500000	      0.00704496	      0.01532423	      0.02670893
      0.78000000	      0.00698426	      0.01525807	      0.02682473
      0.78500000	      0.00694184	      0.01521166	      0.02662088
      0.79000000	      0.00690853	      0.01517512	      0.02650903
      0.79500000	      0.00687906	      0.01514272	      0.02668126
      0.80000000	      0.00693289	      0.01520185	      0.02677774
      0.80500000	      0.00693189	      0.01520076	      0.02692953
      0.81000000	      0.00704439	      0.01532361	      0.02709642
      0.81500000	      0.00711693	      0.01540231	      0.02725616
      0.82000000	      0.00717646	      0.01546659	      0.02731463
      0.82500000	      0.00719959	      0.01549150	      0.02743232
      0.83000000	      0.00716204	      0.01545104	      0.02732810
      0.83500000	      0.00707973	      0.01536200	      0.02744162
      0.84000000	      0.00694738	      0.01521773	      0.02739749
      0.84500000	      0.00677831	      0.01503142	      0.02718927
      0.85000000	      0.00659153	      0.01482287	      0.02726067
      0.85500000	      0.00638776	      0.01459196	      0.02702614
      0.86000000	      0.00622790	      0.01440821	      0.02703911
      0.86500000	      0.00603827	      0.01418717	      0.02711889
      0.87000000	      0.00591479	      0.01404136	      0.02677791
      0.87500000	      0.00586012	      0.01397631	      0.02637245
      0.88000000	      0.00583438	      0.01394559	      0.02566352
      0.88500000	      0.00585508	      0.01397030	      0.02527788
      0.89000000	      0.00591697	      0.01404395	      0.02558168
      0.89500000	      0.00596393	      0.01409956	      0.02474534
      0.90000000	      0.00604905	      0.01419982	      0.02455561
      0.90500000	      0.00609174	      0.01424984	      0.02457211
      0.91000000	      0.00616720	      0.01433783	      0.02418807
      0.91500000	      0.00623843	      0.01442039	      0.02389664
      0.92000000	      0.00627676	      0.01446462	      0.02381974
      0.92500000	      0.00632856	      0.01452419	      0.02376518
      0.93000000	      0.00636315	      0.01456383	      0.02371922
      0.93500000	      0.00638674	      0.01459079	      0.02358081
      0.94000000	      0.00639327	      0.01459825	      0.02327889
      0.94500000	      0.00643431	      0.01464503	      0.02369941
      0.95000000	      0.00640847	      0.01461560	      0.02345501
      0.95500000	      0.00643146	      0.01464179	      0.02355319
      0.96000000	      0.00640897	      0.01461617	      0.02308237
      0.96500000	      0.00639213	      0.01459695	      0.02261478
      0.97000000	      0.00639672	      0.01460219	      0.02267189
      0.97500000	      0.00638627	      0.01459026	      0.02276714
      0.98000000	      0.00639969	      0.01460558	      0.02294146
      0.98500000	      0.00637947	      0.01458249	      0.02298230
      0.99000000	      0.00638685	      0.01459092	      0.02326152
      0.99500000	      0.00638847	      0.01459278	      0.02341410
      1.00000000	      0.00640363	      0.01461008	      0.02358870
      1.00500000	      0.00640620	      0.01461301	      0.02364189
      1.01000000	      0.00641101	      0.01461850	      0.02387412
      1.01500000	      0.00642314	      0.01463231	      0.02392250
      1.02000000	      0.00642925	      0.01463927	      0.02410425
      1.02500000	      0.00641678	      0.01462507	      0.02423906
      1.03000000	      0.00640435	      0.01461090	      0.02433629
      1.03500000	      0.00639348	      0.01459849	      0.02432643
      1.04000000	      0.00636268	      0.01456329	      0.02426469
      1.04500000	      0.00633609	      0.01453283	      0.02434546
      1.05000000	      0.00635004	      0.01454882	      0.02437908
      1.05500000	      0.00629529	      0.01448596	      0.02440495
      1.06000000	      0.00627022	      0.01445709	      0.02437714
      1.06500000	      0.00629465	      0.01448522	      0.02429566
      1.07000000	      0.00627442	      0.01446193	      0.02430929
      1.07500000	      0.00630816	      0.01450076	      0.02415327
      1.08000000	      0.00629274	      0.01448302	      0.02392099
      1.08500000	      0.00632634	      0.01452164	      0.02368193
      1.09000000	      0.00633843	      0.01453551	      0.02393088
      1.09500000	      0.00634363	      0.01454147	      0.02361063
      1.10000000	      0.00635550	      0.01455507	      0.02352712
      1.10500000	      0.00637186	      0.01457379	      0.02359611
      1.11000000	      0.00637300	      0.01457509	      0.02351664
      1.11500000	      0.00636554	      0.01456656	      0.02368018
      1.12000000	      0.00635530	      0.01455483	      0.02349369
      1.12500000	      0.00634304	      0.01454080	      0.02337995
      1.13000000	      0.00633641	      0.01453319	      0.02332051
      1.13500000	      0.00631017	      0.01450307	      0.02322151
      1.14000000	      0.00629379	      0.01448423	      0.02311988
      1.14500000	      0.00629037	      0.01448030	      0.02295452
      1.15000000	      0.00628539	      0.01447456	      0.02283878
      1.15500000	      0.00631690	      0.01451080	      0.02255871
      1.16000000	      0.00630499	      0.01449712	      0.02264681
      1.16500000	      0.00632215	      0.01451683	      0.02264189
      1.17000000	      0.00634206	      0.01453967	      0.02258248
      1.17500000	      0.00638053	      0.01458370	      0.02249575
      1.18000000	      0.00642337	      0.01463257	      0.02246397
      1.18500000	      0.00650416	      0.01472431	      0.02254617
      1.19000000	      0.00653594	      0.01476023	      0.02248140
      1.19500000	      0.00658150	      0.01481159	      0.02248965
      1.20000000	      0.00659904	      0.01483132	      0.02239713
      1.20500000	      0.00661567	      0.01484999	      0.02239777
      1.21000000	      0.00667472	      0.01491613	      0.02222253
      1.21500000	      0.00663533	      0.01487204	      0.02234542
      1.22000000	      0.00663879	      0.01487592	      0.02227934
      1.22500000	      0.00662620	      0.01486181	      0.02236152
      1.23000000	      0.00660120	      0.01483375	      0.02227324
      1.23500000	      0.00656607	      0.01479422	      0.02219071
      1.24000000	      0.00651589	      0.01473758	      0.02212097
      1.24500000	      0.00647064	      0.01468632	      0.02202513
      1.25000000	      0.00642412	      0.01463343	      0.02195613
      1.25500000	      0.00639343	      0.01459843	      0.02184628
      1.26000000	      0.00633395	      0.01453037	      0.02191165
      1.26500000	      0.00632112	      0.01451564	      0.02176443
      1.27000000	      0.00630599	      0.01449826	      0.02166413
      1.27500000	      0.00628034	      0.01446875	      0.02149091
      1.28000000	      0.00620462	      0.01438127	      0.02147815
      1.28500000	      0.00612243	      0.01428569	      0.02122695
      1.29000000	      0.00601190	      0.01415615	      0.02058688
      1.29500000	      0.00584505	      0.01395833	      0.02042129
      1.30000000	      0.00573670	      0.01382836	      0.01996010
      1.30500000	      0.00559413	      0.01365543	      0.01973998
      1.31000000	      0.00545562	      0.01348532	      0.01963833
      1.31500000	      0.00535145	      0.01335596	      0.01976474
      1.32000000	      0.00521435	      0.01318377	      0.01948276
      1.32500000	      0.00511508	      0.01305766	      0.01993045
      1.33000000	      0.00508335	      0.01301710	      0.01987570
      1.33500000	      0.00503173	      0.01295084	      0.01963784
      1.34000000	      0.00505488	      0.01298060	      0.02025307
      1.34500000	      0.00501146	      0.01292473	      0.02066537
      1.35000000	      0.00505606	      0.01298212	      0.02094074
      1.35500000	      0.00512898	      0.01307540	      0.02087528
      1.36000000	      0.00515923	      0.01311389	      0.02126165
      1.36500000	      0.00523796	      0.01321357	      0.02129598
      1.37000000	      0.00527619	      0.01326171	      0.02136202
      1.37500000	      0.00532655	      0.01332485	      0.02166494
      1.38000000	      0.00531386	      0.01330897	      0.02154813
      1.38500000	      0.00533666	      0.01333749	      0.02184721
      1.39000000	      0.00535368	      0.01335874	      0.02189923
      1.39500000	      0.00529392	      0.01328398	      0.02198783
      1.40000000	      0.00528408	      0.01327162	      0.02179477
      1.40500000	      0.00529891	      0.01329023	      0.02187200
      1.41000000	      0.00525108	      0.01323011	      0.02201643
      1.41500000	      0.00526725	      0.01325047	      0.02190625
      1.42000000	      0.00524949	      0.01322811	      0.02144968
      1.42500000	      0.00526712	      0.01325031	      0.02126546
      1.43000000	      0.00525147	      0.01323060	      0.02088081
      1.43500000	      0.00525079	      0.01322975	      0.02057725
      1.44000000	      0.00524910	      0.01322762	      0.02072128
      1.44500000	      0.00524351	      0.01322058	      0.02091348
      1.45000000	      0.00523225	      0.01320637	      0.02111953
      1.45500000	      0.00521333	      0.01318247	      0.02124429
      1.46000000	      0.00518379	      0.01314508	      0.02148684
      1.46500000	      0.00516481	      0.01312099	      0.02164121
      1.47000000	      0.00513541	      0.01308359	      0.02181770
      1.47500000	      0.00511721	      0.01306039	      0.02202573
      1.48000000	      0.00511412	      0.01305644	      0.02210551
      1.48500000	      0.00506332	      0.01299143	      0.02229412
      1.49000000	      0.00505542	      0.01298130	      0.02229038
      1.49500000	      0.00504289	      0.01296519	      0.02240622
      1.50000000	      0.00504471	      0.01296754	      0.02235579
      1.50500000	      0.00506797	      0.01299740	      0.02265020
      1.51000000	      0.00504564	      0.01296874	      0.02223502
      1.51500000	      0.00505806	      0.01298468	      0.02206687
      1.52000000	      0.00505728	      0.01298368	      0.02192191
      1.52500000	      0.00509278	      0.01302917	      0.02210337
      1.53000000	      0.00509333	      0.01302988	      0.02224326
      1.53500000	      0.00510424	      0.01304382	      0.02232422
      1.54000000	      0.00514548	      0.01309641	      0.02250092
      1.54500000	      0.00514607	      0.01309716	      0.02263291
      1.55000000	      0.00517813	      0.01313790	      0.02261883
      1.55500000	      0.00521318	      0.01318228	      0.02282771
      1.56000000	      0.00525910	      0.01324021	      0.02290398
      1.56500000	      0.00530535	      0.01329831	      0.02305965
      1.57000000	      0.00536355	      0.01337105	      0.02311281
      1.57500000	      0.00541329	      0.01343291	      0.02345110
      1.58000000	      0.00548092	      0.01351656	      0.02370035
      1.58500000	      0.00554722	      0.01359807	      0.02384345
      1.59000000	      0.00562037	      0.01368743	      0.02418334
      1.59500000	      0.00569437	      0.01377723	      0.02444901
      1.60000000	      0.00578184	      0.01388265	      0.02484295
      1.60500000	      0.00587405	      0.01399292	      0.02518201
      1.61000000	      0.00597765	      0.01411577	      0.02564819
      1.61500000	      0.00608544	      0.01424247	      0.02601734
      1.62000000	      0.00620811	      0.01438530	      0.02637651
      1.62500000	      0.00635590	      0.01455553	      0.02674105
      1.63000000	      0.00649174	      0.01471024	      0.02707166
      1.63500000	      0.00663763	      0.01487462	      0.02738921
      1.64000000	      0.00683499	      0.01509414	      0.02782279
      1.64500000	      0.00696594	      0.01523805	      0.02801591
      1.65000000	      0.00710386	      0.01538816	      0.02817439
      1.65500000	      0.00729194	      0.01559053	      0.02843029
      1.66000000	      0.00737545	      0.01567955	      0.02849768
      1.66500000	      0.00746049	      0.01576968	      0.02875783
      1.67000000	      0.00750008	      0.01581148	      0.02870369
      1.67500000	      0.00753726	      0.01585062	      0.02871543
      1.68000000	      0.00755803	      0.01587244	      0.02857439
      1.68500000	      0.00755807	      0.01587248	      0.02849019
      1.69000000	      0.00753572	      0.01584900	      0.02847204
      1.69500000	      0.00756665	      0.01588149	      0.02825028
      1.70000000	      0.00750995	      0.01582187	      0.02818758
      1.70500000	      0.00750067	      0.01581210	      0.02805239
      1.71000000	      0.00745353	      0.01576233	      0.02783286
      1.71500000	      0.00738366	      0.01568828	      0.02761958
      1.72000000	      0.00730464	      0.01560410	      0.02740066
      1.72500000	      0.00724218	      0.01553725	      0.02725634
      1.73000000	      0.00720870	      0.01550129	      0.02718808
      1.73500000	      0.00724519	      0.01554047	      0.02722136
      1.74000000	      0.00731903	      0.01561947	      0.02735319
      1.74500000	      0.00741466	      0.01572118	      0.02757281
      1.75000000	      0.00752633	      0.01583911	      0.02788598
      1.75500000	      0.00756573	      0.01588052	      0.02817625
      1.76000000	      0.00767001	      0.01598959	      0.02849923
      1.76500000	      0.00765185	      0.01597065	      0.02872235
      1.77000000	      0.00757480	      0.01589004	      0.02900716
      1.77500000	      0.00740987	      0.01571609	      0.02895890
      1.78000000	      0.00721330	      0.01550624	      0.02912495
      1.78500000	      0.00694543	      0.01521560	      0.02900223
      1.79000000	      0.00671740	      0.01496374	      0.02906680
      1.79500000	      0.00652494	      0.01474781	      0.02895030
      1.80000000	      0.00636794	      0.01456930	      0.02901609
      1.80500000	      0.00625933	      0.01444452	      0.02893412
      1.81000000	      0.00617391	      0.01434563	      0.02886754
      1.81500000	      0.00614018	      0.01430638	      0.02899873
      1.82000000	      0.00616070	      0.01433027	      0.02883313
      1.82500000	      0.00617717	      0.01434942	      0.02884065
      1.83000000	      0.00623317	      0.01441430	      0.02879618
      1.83500000	      0.00630426	      0.01449628	      0.02883619
      1.84000000	      0.00639014	      0.01459468	      0.02887183
      1.84500000	      0.00647022	      0.01468585	      0.02871892
      1.85000000	      0.00655406	      0.01478069	      0.02875464
      1.85500000	      0.00662740	      0.01486316	      0.02898778
      1.86000000	      0.00667298	      0.01491418	      0.02873789
      1.86500000	      0.00670842	      0.01495373	      0.02878627
      1.87000000	      0.00674818	      0.01499798	      0.02910871
      1.87500000	      0.00677103	      0.01502334	      0.02890675
      1.88000000	      0.00679098	      0.01504546	      0.02902454
      1.88500000	      0.00680532	      0.01506135	      0.02917039
      1.89000000	      0.00682515	      0.01508327	      0.02950754
      1.89500000	      0.00683240	      0.01509128	      0.02946510
      1.90000000	      0.00686243	      0.01512440	      0.02971364
      1.90500000	      0.00686814	      0.01513070	      0.02962632
      1.91000000	      0.00690887	      0.01517550	      0.02977580
      1.91500000	      0.00693484	      0.01520399	      0.02972137
      1.92000000	      0.00699244	      0.01526700	      0.02974142
      1.92500000	      0.00701454	      0.01529111	      0.02968601
      1.93000000	      0.00697611	      0.01524916	      0.02968289
      1.93500000	      0.00701716	      0.01529397	      0.02963215
      1.94000000	      0.00704612	      0.01532549	      0.02943840
      1.94500000	      0.00708668	      0.01536954	      0.02933410
      1.95000000	      0.00709960	      0.01538354	      0.02910947
      1.95500000	      0.00709178	      0.01537507	      0.02894248
      1.96000000	      0.00710436	      0.01538870	      0.02876549
      1.96500000	      0.00709241	      0.01537575	      0.02847513
      1.97000000	      0.00708343	      0.01536601	      0.02828832
      1.97500000	      0.00705424	      0.01533432	      0.02800328
      1.98000000	      0.00701696	      0.01529375	      0.02765755
      1.98500000	      0.00698629	      0.01526029	      0.02737627
      1.99000000	      0.00694294	      0.01521287	      0.02712361
      1.99500000	      0.00691196	      0.01517889	      0.02673859
      2.00000000	      0.00688865	      0.01515327	      0.02639647
      2.00500000	      0.00686521	      0.01512747	      0.02600589
      2.01000000	      0.00684624	      0.01510656	      0.02560291
      2.01500000	      0.00680608	      0.01506219	      0.02512054
      2.02000000	      0.00679522	      0.01505016	      0.02481223
      2.02500000	      0.00676424	      0.01501581	      0.02431836
      2.03000000	      0.00675331	      0.01500368	      0.02397199
      2.03500000	      0.00670458	      0.01494945	      0.02380975
      2.04000000	      0.00669810	      0.01494222	      0.02335322
      2.04500000	      0.00668136	      0.01492354	      0.02320456
      2.05000000	      0.00664194	      0.01487945	      0.02340167
      2.05500000	      0.00661667	      0.01485112	      0.02324431
      2.06000000	      0.00659496	      0.01482673	      0.02313767
      2.06500000	      0.00657406	      0.01480322	      0.02306690
      2.07000000	      0.00654499	      0.01477045	      0.02313650
      2.07500000	      0.00652099	      0.01474334	      0.02306389
      2.08000000	      0.00650465	      0.01472487	      0.02297502
      2.08500000	      0.00649655	      0.01471570	      0.02285936
      2.09000000	      0.00646934	      0.01468485	      0.02303440
      2.09500000	      0.00646737	      0.01468261	      0.02289303
      2.10000000	      0.00644046	      0.01465203	      0.02294944
      2.10500000	      0.00644501	      0.01465721	      0.02284834
      2.11000000	      0.00646226	      0.01467681	      0.02282085
      2.11500000	      0.00648650	      0.01470431	      0.02284208
      2.12000000	      0.00651821	      0.01474021	      0.02312877
      2.12500000	      0.00656239	      0.01479008	      0.02335259
      2.13000000	      0.00661919	      0.01485394	      0.02395922
      2.13500000	      0.00666377	      0.01490388	      0.02428397
      2.14000000	      0.00672534	      0.01497258	      0.02482669
      2.14500000	      0.00676744	      0.01501936	      0.02481524
      2.15000000	      0.00688766	      0.01515219	      0.02504689
      2.15500000	      0.00688946	      0.01515416	      0.02562467
      2.16000000	      0.00691825	      0.01518579	      0.02543171
      2.16500000	      0.00694721	      0.01521754	      0.02567699
      2.17000000	      0.00697601	      0.01524905	      0.02602256
      2.17500000	      0.00688632	      0.01515071	      0.02531152
      2.18000000	      0.00683087	      0.01508959	      0.02514833
      2.18500000	      0.00677442	      0.01502711	      0.02522070
      2.19000000	      0.00669956	      0.01494386	      0.02508599
      2.19500000	      0.00663289	      0.01486931	      0.02507086
      2.20000000	      0.00657531	      0.01480463	      0.02501597
      2.20500000	      0.00654397	      0.01476931	      0.02509712
      2.21000000	      0.00652925	      0.01475269	      0.02523166
      2.21500000	      0.00651666	      0.01473845	      0.02502805
      2.22000000	      0.00649574	      0.01471478	      0.02506663
      2.22500000	      0.00652237	      0.01474491	      0.02507955
      2.23000000	      0.00646641	      0.01468152	      0.02502131
      2.23500000	      0.00642603	      0.01463561	      0.02495515
      2.24000000	      0.00631394	      0.01450741	      0.02454133
      2.24500000	      0.00616260	      0.01433248	      0.02442725
      2.25000000	      0.00596921	      0.01410581	      0.02398585
      2.25500000	      0.00581899	      0.01392718	      0.02374083
      2.26000000	      0.00563825	      0.01370918	      0.02322712
      2.26500000	      0.00551642	      0.01356026	      0.02283471
      2.27000000	      0.00543744	      0.01346283	      0.02293603
      2.27500000	      0.00520779	      0.01317547	      0.02349799
      2.28000000	      0.00517896	      0.01313895	      0.02313741
      2.28500000	      0.00516329	      0.01311905	      0.02278639
      2.29000000	      0.00520596	      0.01317316	      0.02332114
      2.29500000	      0.00522877	      0.01320198	      0.02308414
      2.30000000	      0.00529309	      0.01328293	      0.02376367
      2.30500000	      0.00529511	      0.01328546	      0.02404763
      2.31000000	      0.00533867	      0.01334000	      0.02408665
      2.31500000	      0.00537926	      0.01339061	      0.02421404
      2.32000000	      0.00540265	      0.01341970	      0.02418420
      2.32500000	      0.00544102	      0.01346727	      0.02423747
      2.33000000	      0.00542553	      0.01344808	      0.02433443
      2.33500000	      0.00545062	      0.01347914	      0.02444288
      2.34000000	      0.00545552	      0.01348521	      0.02424088
      2.34500000	      0.00536259	      0.01336985	      0.02322203
      2.35000000	      0.00537526	      0.01338564	      0.02363492
      2.35500000	      0.00531261	      0.01330741	      0.02335333
      2.36000000	      0.00532635	      0.01332460	      0.02338747
      2.36500000	      0.00525983	      0.01324114	      0.02293072
      2.37000000	      0.00526462	      0.01324717	      0.02269455
      2.37500000	      0.00525525	      0.01323537	      0.02220837
      2.38000000	      0.00530892	      0.01330278	      0.02219952
      2.38500000	      0.00527957	      0.01326596	      0.02164834
      2.39000000	      0.00529556	      0.01328603	      0.02124222
      2.39500000	      0.00530121	      0.01329311	      0.02084233
      2.40000000	      0.00531596	      0.01331160	      0.02103089
      2.40500000	      0.00530906	      0.01330296	      0.02119608
      2.41000000	      0.00531291	      0.01330779	      0.02146541
      2.41500000	      0.00529985	      0.01329141	      0.02166847
      2.42000000	      0.00528139	      0.01326824	      0.02186783
      2.42500000	      0.00525781	      0.01323860	      0.02204685
      2.43000000	      0.00522612	      0.01319864	      0.02214928
      2.43500000	      0.00518795	      0.01315035	      0.02212411
      2.44000000	      0.00514641	      0.01309759	      0.02211630
      2.44500000	      0.00510603	      0.01304611	      0.02208473
      2.45000000	      0.00506420	      0.01299256	      0.02204395
      2.45500000	      0.00503149	      0.01295053	      0.02205207
      2.46000000	      0.00502735	      0.01294520	      0.02220265
      2.46500000	      0.00497603	      0.01287896	      0.02185992
      2.47000000	      0.00497626	      0.01287926	      0.02192233
      2.47500000	      0.00495676	      0.01285400	      0.02160626
      2.48000000	      0.00496010	      0.01285833	      0.02143902
      2.48500000	      0.00495214	      0.01284801	      0.02125417
      2.49000000	      0.00495109	      0.01284665	      0.02117002
      2.49500000	      0.00495926	      0.01285724	      0.02103501
      2.50000000	      0.00496914	      0.01287004	      0.02092044
      2.50500000	      0.00497872	      0.01288244	      0.02075965
      2.51000000	      0.00499240	      0.01290013	      0.02103962
      2.51500000	      0.00501021	      0.01292311	      0.02126384
      2.52000000	      0.00505419	      0.01297971	      0.02171827
      2.52500000	      0.00506213	      0.01298990	      0.02189442
      2.53000000	      0.00506402	      0.01299233	      0.02168992
      2.53500000	      0.00509716	      0.01303478	      0.02200594
      2.54000000	      0.00511757	      0.01306085	      0.02200329
      2.54500000	      0.00515835	      0.01311279	      0.02221952
      2.55000000	      0.00520247	      0.01316873	      0.02217582
      2.55500000	      0.00526188	      0.01324372	      0.02235485
      2.56000000	      0.00533837	      0.01333963	      0.02251034
      2.56500000	      0.00542724	      0.01345021	      0.02228812
      2.57000000	      0.00553222	      0.01357966	      0.02244317
      2.57500000	      0.00565968	      0.01373521	      0.02250836
      2.58000000	      0.00580951	      0.01391583	      0.02224113
      2.58500000	      0.00594919	      0.01408213	      0.02238467
      2.59000000	      0.00611536	      0.01427744	      0.02246170
      2.59500000	      0.00624519	      0.01442821	      0.02373406
      2.60000000	      0.00640146	      0.01460760	      0.02353609
      2.60500000	      0.00648832	      0.01470637	      0.02464644
      2.61000000	      0.00656946	      0.01479804	      0.02541400
      2.61500000	      0.00661849	      0.01485316	      0.02471819
      2.62000000	      0.00665323	      0.01489209	      0.02511692
      2.62500000	      0.00671446	      0.01496046	      0.02472972
      2.63000000	      0.00674903	      0.01499892	      0.02518657
      2.63500000	      0.00685125	      0.01511208	      0.02482617
      2.64000000	      0.00676661	      0.01501844	      0.02585373
      2.64500000	      0.00677506	      0.01502781	      0.02605553
      2.65000000	      0.00678615	      0.01504012	      0.02555524
      2.65500000	      0.00669555	      0.01493938	      0.02623465
      2.66000000	      0.00664464	      0.01488247	      0.02535079
      2.66500000	      0.00656913	      0.01479767	      0.02485211
      2.67000000	      0.00647229	      0.01468819	      0.02507120
      2.67500000	      0.00641410	      0.01462201	      0.02487341
      2.68000000	      0.00639375	      0.01459880	      0.02498174
      2.68500000	      0.00641404	      0.01462195	      0.02535322
      2.69000000	      0.00651445	      0.01473596	      0.02510690
      2.69500000	      0.00658020	      0.01481013	      0.02613958
      2.70000000	      0.00673454	      0.01498281	      0.02594362
      2.70500000	      0.00680609	      0.01506220	      0.02682682
      2.71000000	      0.00693891	      0.01520845	      0.02628728
      2.71500000	      0.00697736	      0.01525053	      0.02621100
      2.72000000	      0.00695138	      0.01522211	      0.02644162
      2.72500000	      0.00684909	      0.01510970	      0.02683249
      2.73000000	      0.00670442	      0.01494927	      0.02678731
      2.73500000	      0.00647365	      0.01468973	      0.02682438
      2.74000000	      0.00630661	      0.01449897	      0.02694987
      2.74500000	      0.00617558	      0.01434756	      0.02665283
      2.75000000	      0.00604739	      0.01419787	      0.02668899
      2.75500000	      0.00599214	      0.01413287	      0.02641563
      2.76000000	      0.00595403	      0.01408785	      0.02633722
      2.76500000	      0.00594248	      0.01407418	      0.02621828
      2.77000000	      0.00595344	      0.01408715	      0.02624336
      2.77500000	      0.00600172	      0.01414416	      0.02607095
      2.78000000	      0.00607646	      0.01423196	      0.02593422
      2.78500000	      0.00617261	      0.01434412	      0.02580792
      2.79000000	      0.00626691	      0.01445326	      0.02556978
      2.79500000	      0.00635531	      0.01455485	      0.02564715
      2.80000000	      0.00644197	      0.01465374	      0.02566457
      2.80500000	      0.00649628	      0.01471539	      0.02570047
      2.81000000	      0.00654970	      0.01477576	      0.02582286
      2.81500000	      0.00657279	      0.01480179	      0.02582924
      2.82000000	      0.00660946	      0.01484302	      0.02605764
      2.82500000	      0.00659344	      0.01482502	      0.02606097
      2.83000000	      0.00660601	      0.01483915	      0.02621306
      2.83500000	      0.00659175	      0.01482313	      0.02618833
      2.84000000	      0.00660477	      0.01483776	      0.02623427
      2.84500000	      0.00661235	      0.01484627	      0.02626945
      2.85000000	      0.00658486	      0.01481537	      0.02622959
      2.85500000	      0.00660977	      0.01484337	      0.02627190
      2.86000000	      0.00660151	      0.01483409	      0.02626834
      2.86500000	      0.00661414	      0.01484827	      0.02630246
      2.87000000	      0.00661546	      0.01484976	      0.02630262
      2.87500000	      0.00666327	      0.01490333	      0.02632914
      2.88000000	      0.00666889	      0.01490961	      0.02626727
      2.88500000	      0.00670062	      0.01494503	      0.02620789
      2.89000000	      0.00672507	      0.01497227	      0.02614951
      2.89500000	      0.00670554	      0.01495052	      0.02608580
      2.90000000	      0.00673641	      0.01498489	      0.02600871
      2.90500000	      0.00674415	      0.01499350	      0.02594278
      2.91000000	      0.00673792	      0.01498658	      0.02580885
      2.91500000	      0.00673648	      0.01498497	      0.02570612
      2.92000000	      0.00671329	      0.01495916	      0.02565024
      2.92500000	      0.00670077	      0.01494520	      0.02551025
      2.93000000	      0.00667017	      0.01491103	      0.02543702
      2.93500000	      0.00665704	      0.01489635	      0.02531997
      2.94000000	      0.00664137	      0.01487881	      0.02517706
      2.94500000	      0.00663306	      0.01486949	      0.02505014
      2.95000000	      0.00661548	      0.01484978	      0.02501761
      2.95500000	      0.00661147	      0.01484528	      0.02486507
      2.96000000	      0.00661190	      0.01484576	      0.02470748
      2.96500000	      0.00659774	      0.01482985	      0.02462072
      2.97000000	      0.00659719	      0.01482923	      0.02448152
      2.97500000	      0.00657789	      0.01480753	      0.02421678
      2.98000000	      0.00656740	      0.01479572	      0.02409951
      2.98500000	      0.00655295	      0.01477944	      0.02391542
      2.99000000	      0.00654023	      0.01476509	      0.02382457
      2.99500000	      0.00652309	      0.01474572	      0.02361830
      3.00000000	      0.00649638	      0.01471550	      0.02355863
      3.00500000	      0.00648540	      0.01470306	      0.02334709
      3.01000000	      0.00647050	      0.01468616	      0.02326348
      3.01500000	      0.00644030	      0.01465185	      0.02360220
      3.02000000	      0.00642024	      0.01462901	      0.02339627
      3.02500000	      0.00640486	      0.01461148	      0.02323952
      3.03000000	      0.00639438	      0.01459952	      0.02310533
      3.03500000	      0.00636633	      0.01456746	      0.02324321
      3.04000000	      0.00635260	      0.01455175	      0.02312088
      3.04500000	      0.00634724	      0.01454560	      0.02299015
      3.05000000	      0.00634737	      0.01454576	      0.02287027
      3.05500000	      0.00631846	      0.01451259	      0.02300102
      3.06000000	      0.00630758	      0.01450010	      0.02290589
      3.06500000	      0.00631061	      0.01450358	      0.02277375
      3.07000000	      0.00631806	      0.01451213	      0.02284300
      3.07500000	      0.00631916	      0.01451340	      0.02265811
      3.08000000	      0.00633716	      0.01453405	      0.02260532
      3.08500000	      0.00634666	      0.01454494	      0.02246694
      3.09000000	      0.00636072	      0.01456105	      0.02242219
      3.09500000	      0.00637678	      0.01457941	      0.02249717
      3.10000000	      0.00641391	      0.01462180	      0.02266627
      3.10500000	      0.00643324	      0.01464381	      0.02287626
      3.11000000	      0.00650647	      0.01472693	      0.02299879
      3.11500000	      0.00644075	      0.01465236	      0.02223982
      3.12000000	      0.00645180	      0.01466493	      0.02227755
      3.12500000	      0.00647375	      0.01468985	      0.02214306
      3.13000000	      0.00646992	      0.01468550	      0.02214374
      3.13500000	      0.00646603	      0.01468109	      0.02207566
      3.14000000	      0.00645207	      0.01466523	      0.02212425
      3.14500000	      0.00639754	      0.01460313	      0.02193849
      3.15000000	      0.00635499	      0.01455448	      0.02185367
      3.15500000	      0.00630753	      0.01450004	      0.02176817
      3.16000000	      0.00626909	      0.01445578	      0.02165820
      3.16500000	      0.00622590	      0.01440590	      0.02183044
      3.17000000	      0.00621936	      0.01439834	      0.02167638
      3.17500000	      0.00625548	      0.01444009	      0.02173879
      3.18000000	      0.00634018	      0.01453751	      0.02241221
      3.18500000	      0.00640262	      0.01460893	      0.02224250
      3.19000000	      0.00650319	      0.01472322	      0.02226900
      3.19500000	      0.00657265	      0.01480164	      0.02289934
      3.20000000	      0.00662858	      0.01486447	      0.02266998
      3.20500000	      0.00660591	      0.01483904	      0.02275457
      3.21000000	      0.00662520	      0.01486069	      0.02274625
      3.21500000	      0.00648484	      0.01470242	      0.02264305
      3.22000000	      0.00634737	      0.01454576	      0.02259259
      3.22500000	      0.00623181	      0.01441274	      0.02288179
      3.23000000	      0.00608914	      0.01424680	      0.02316127
      3.23500000	      0.00583973	      0.01395198	      0.02332660
      3.24000000	      0.00569405	      0.01377686	      0.02339320
      3.24500000	      0.00557633	      0.01363369	      0.02344573
      3.25000000	      0.00548393	      0.01352027	      0.02348848
      3.25500000	      0.00538812	      0.01340164	      0.02348761
      3.26000000	      0.00533560	      0.01333616	      0.02357804
      3.26500000	      0.00531394	      0.01330908	      0.02366457
      3.27000000	      0.00529899	      0.01329034	      0.02383432
      3.27500000	      0.00536868	      0.01337744	      0.02402379
      3.28000000	      0.00540080	      0.01341740	      0.02419580
      3.28500000	      0.00550158	      0.01354201	      0.02442487
      3.29000000	      0.00559389	      0.01365514	      0.02478282
      3.29500000	      0.00562625	      0.01369459	      0.02498878
      3.30000000	      0.00568817	      0.01376974	      0.02526589
      3.30500000	      0.00575562	      0.01385114	      0.02562663
      3.31000000	      0.00577466	      0.01387403	      0.02582126
      3.31500000	      0.00582081	      0.01392936	      0.02619838
      3.32000000	      0.00585163	      0.01396618	      0.02647453
      3.32500000	      0.00586195	      0.01397849	      0.02663036
      3.33000000	      0.00579219	      0.01389507	      0.02665128
      3.33500000	      0.00579181	      0.01389461	      0.02670191
      3.34000000	      0.00577016	      0.01386862	      0.02664169
      3.34500000	      0.00570605	      0.01379136	      0.02651553
      3.35000000	      0.00568815	      0.01376971	      0.02638169
      3.35500000	      0.00561772	      0.01368420	      0.02621240
      3.36000000	      0.00557450	      0.01363146	      0.02605187
      3.36500000	      0.00556874	      0.01362442	      0.02596548
      3.37000000	      0.00551354	      0.01355673	      0.02578669
      3.37500000	      0.00548776	      0.01352499	      0.02562908
      3.38000000	      0.00546926	      0.01350217	      0.02544565
      3.38500000	      0.00545629	      0.01348615	      0.02526144
      3.39000000	      0.00543914	      0.01346494	      0.02501524
      3.39500000	      0.00542157	      0.01344317	      0.02482317
      3.40000000	      0.00540880	      0.01342733	      0.02466262
      3.40500000	      0.00538779	      0.01340123	      0.02442321
      3.41000000	      0.00536455	      0.01337229	      0.02424926
      3.41500000	      0.00534038	      0.01334213	      0.02416715
      3.42000000	      0.00530520	      0.01329813	      0.02404895
      3.42500000	      0.00528406	      0.01327160	      0.02392962
      3.43000000	      0.00526380	      0.01324613	      0.02385156
      3.43500000	      0.00526491	      0.01324753	      0.02371634
      3.44000000	      0.00525753	      0.01323824	      0.02377887
      3.44500000	      0.00529662	      0.01328736	      0.02384014
      3.45000000	      0.00528619	      0.01327428	      0.02395142
      3.45500000	      0.00530404	      0.01329667	      0.02399313
      3.46000000	      0.00531084	      0.01330519	      0.02426678
      3.46500000	      0.00532052	      0.01331731	      0.02444583
      3.47000000	      0.00537513	      0.01338547	      0.02451459
      3.47500000	      0.00534626	      0.01334948	      0.02470415
      3.48000000	      0.00535968	      0.01336622	      0.02479211
      3.48500000	      0.00537894	      0.01339022	      0.02483572
      3.49000000	      0.00540387	      0.01342121	      0.02477622
      3.49500000	      0.00543619	      0.01346129	      0.02479721
      3.50000000	      0.00547687	      0.01351156	      0.02473122
      3.50500000	      0.00552859	      0.01357521	      0.02473962
      3.51000000	      0.00559065	      0.01365119	      0.02469920
      3.51500000	      0.00566030	      0.01373596	      0.02468093
      3.52000000	      0.00571048	      0.01379671	      0.02473176
      3.52500000	      0.00580119	      0.01390586	      0.02477943
      3.53000000	      0.00589989	      0.01402366	      0.02485404
      3.53500000	      0.00600943	      0.01415324	      0.02495988
      3.54000000	      0.00613006	      0.01429459	      0.02510474
      3.54500000	      0.00624749	      0.01443086	      0.02525431
      3.55000000	      0.00637578	      0.01457827	      0.02535073
      3.55500000	      0.00649003	      0.01470831	      0.02549818
      3.56000000	      0.00662060	      0.01485552	      0.02552156
      3.56500000	      0.00674919	      0.01499910	      0.02555046
      3.57000000	      0.00687068	      0.01513350	      0.02551849
      3.57500000	      0.00697171	      0.01524435	      0.02543803
      3.58000000	      0.00706151	      0.01534222	      0.02593755
      3.58500000	      0.00714637	      0.01543413	      0.02610504
      3.59000000	      0.00726318	      0.01555976	      0.02588606
      3.59500000	      0.00724681	      0.01554222	      0.02685040
      3.60000000	      0.00725787	      0.01555407	      0.02714442
      3.60500000	      0.00727582	      0.01557329	      0.02693627
      3.61000000	      0.00722620	      0.01552009	      0.02740240
      3.61500000	      0.00717801	      0.01546826	      0.02681230
      3.62000000	      0.00708504	      0.01536776	      0.02631325
      3.62500000	      0.00690161	      0.01516752	      0.02624338
      3.63000000	      0.00675076	      0.01500085	      0.02544054
      3.63500000	      0.00658495	      0.01481547	      0.02465274
      3.64000000	      0.00642060	      0.01462942	      0.02460350
      3.64500000	      0.00626563	      0.01445179	      0.02451289
      3.65000000	      0.00612933	      0.01429374	      0.02444946
      3.65500000	      0.00602641	      0.01417322	      0.02441460
      3.66000000	      0.00594441	      0.01407647	      0.02434850
      3.66500000	      0.00594082	      0.01407222	      0.02445438
      3.67000000	      0.00602821	      0.01417535	      0.02478582
      3.67500000	      0.00615345	      0.01432184	      0.02508732
      3.68000000	      0.00632623	      0.01452151	      0.02551751
      3.68500000	      0.00652926	      0.01475269	      0.02588041
      3.69000000	      0.00672503	      0.01497223	      0.02626527
      3.69500000	      0.00687851	      0.01514211	      0.02656614
      3.70000000	      0.00686853	      0.01513113	      0.02689467
      3.70500000	      0.00687230	      0.01513527	      0.02695891
      3.71000000	      0.00682122	      0.01507892	      0.02719829
      3.71500000	      0.00672021	      0.01496687	      0.02713535
      3.72000000	      0.00657880	      0.01480856	      0.02682546
      3.72500000	      0.00642654	      0.01463619	      0.02659117
      3.73000000	      0.00626529	      0.01445141	      0.02628127
      3.73500000	      0.00610525	      0.01426564	      0.02594023
      3.74000000	      0.00596542	      0.01410132	      0.02553382
      3.74500000	      0.00584280	      0.01395565	      0.02497497
