Model Marker Errors from IK
version=1
nRows=800
nColumns=4
inDegrees=no
endheader
time	total_squared_error	marker_error_RMS	marker_error_max
      0.00000000	      0.00586815	      0.01398588	      0.02685441
      0.00500000	      0.00560267	      0.01366586	      0.02009950
      0.01000000	      0.00560107	      0.01366390	      0.01938020
      0.01500000	      0.00563173	      0.01370125	      0.01923284
      0.02000000	      0.00559398	      0.01365526	      0.01947259
      0.02500000	      0.00563392	      0.01370391	      0.01975712
      0.03000000	      0.00564139	      0.01371300	      0.01982880
      0.03500000	      0.00566524	      0.01374196	      0.01999135
      0.04000000	      0.00568127	      0.01376138	      0.02009538
      0.04500000	      0.00568222	      0.01376253	      0.02017057
      0.05000000	      0.00567029	      0.01374808	      0.02021834
      0.05500000	      0.00552365	      0.01356915	      0.02088701
      0.06000000	      0.00550116	      0.01354150	      0.02095814
      0.06500000	      0.00545990	      0.01349061	      0.02105187
      0.07000000	      0.00534002	      0.01334169	      0.02104404
      0.07500000	      0.00529264	      0.01328237	      0.02109592
      0.08000000	      0.00524576	      0.01322341	      0.02113084
      0.08500000	      0.00521397	      0.01318329	      0.02116395
      0.09000000	      0.00519262	      0.01315626	      0.02114962
      0.09500000	      0.00514916	      0.01310110	      0.02073182
      0.10000000	      0.00515641	      0.01311031	      0.02080072
      0.10500000	      0.00516888	      0.01312615	      0.02082182
      0.11000000	      0.00518596	      0.01314783	      0.02087314
      0.11500000	      0.00519946	      0.01316493	      0.02077238
      0.12000000	      0.00521586	      0.01318567	      0.02079842
      0.12500000	      0.00521267	      0.01318164	      0.02067124
      0.13000000	      0.00519806	      0.01316316	      0.02055298
      0.13500000	      0.00517770	      0.01313735	      0.02040384
      0.14000000	      0.00514972	      0.01310180	      0.02015591
      0.14500000	      0.00511465	      0.01305712	      0.01993363
      0.15000000	      0.00509331	      0.01302985	      0.01996521
      0.15500000	      0.00506021	      0.01298744	      0.02023885
      0.16000000	      0.00504666	      0.01297004	      0.02024796
      0.16500000	      0.00503111	      0.01295004	      0.02044800
      0.17000000	      0.00502919	      0.01294757	      0.02046661
      0.17500000	      0.00502491	      0.01294206	      0.02042187
      0.18000000	      0.00502382	      0.01294066	      0.02041069
      0.18500000	      0.00502623	      0.01294376	      0.02038937
      0.19000000	      0.00501685	      0.01293168	      0.02060879
      0.19500000	      0.00500955	      0.01292227	      0.02044995
      0.20000000	      0.00500497	      0.01291635	      0.02059316
      0.20500000	      0.00498765	      0.01289399	      0.02083818
      0.21000000	      0.00498933	      0.01289616	      0.02096114
      0.21500000	      0.00499425	      0.01290251	      0.02124281
      0.22000000	      0.00502324	      0.01293991	      0.02176661
      0.22500000	      0.00504851	      0.01297243	      0.02205000
      0.23000000	      0.00510639	      0.01304658	      0.02248900
      0.23500000	      0.00518560	      0.01314737	      0.02282955
      0.24000000	      0.00528274	      0.01326994	      0.02307136
      0.24500000	      0.00539515	      0.01341038	      0.02325141
      0.25000000	      0.00548658	      0.01352354	      0.02294047
      0.25500000	      0.00561450	      0.01368027	      0.02309199
      0.26000000	      0.00575787	      0.01385384	      0.02317980
      0.26500000	      0.00590862	      0.01403402	      0.02323404
      0.27000000	      0.00602652	      0.01417336	      0.02288631
      0.27500000	      0.00616657	      0.01433710	      0.02310652
      0.28000000	      0.00631150	      0.01450460	      0.02331478
      0.28500000	      0.00642302	      0.01463218	      0.02408336
      0.29000000	      0.00649795	      0.01471727	      0.02420833
      0.29500000	      0.00657389	      0.01480303	      0.02472929
      0.30000000	      0.00669494	      0.01493870	      0.02459272
      0.30500000	      0.00662763	      0.01486341	      0.02539922
      0.31000000	      0.00667197	      0.01491305	      0.02519818
      0.31500000	      0.00658051	      0.01481048	      0.02488912
      0.32000000	      0.00652315	      0.01474579	      0.02489418
      0.32500000	      0.00647512	      0.01469140	      0.02439775
      0.33000000	      0.00640527	      0.01461195	      0.02383077
      0.33500000	      0.00624291	      0.01442556	      0.02391312
      0.34000000	      0.00613991	      0.01430607	      0.02316437
      0.34500000	      0.00598941	      0.01412965	      0.02304490
      0.35000000	      0.00587826	      0.01399793	      0.02246800
      0.35500000	      0.00578591	      0.01388754	      0.02214787
      0.36000000	      0.00570406	      0.01378896	      0.02220401
      0.36500000	      0.00565910	      0.01373451	      0.02248425
      0.37000000	      0.00568074	      0.01376075	      0.02257397
      0.37500000	      0.00572559	      0.01381495	      0.02282455
      0.38000000	      0.00578268	      0.01388366	      0.02301439
      0.38500000	      0.00582798	      0.01393793	      0.02357946
      0.39000000	      0.00585720	      0.01397283	      0.02350114
      0.39500000	      0.00587864	      0.01399838	      0.02309945
      0.40000000	      0.00585389	      0.01396888	      0.02254870
      0.40500000	      0.00578045	      0.01388098	      0.02217810
      0.41000000	      0.00563368	      0.01370363	      0.02170190
      0.41500000	      0.00555820	      0.01361151	      0.02081544
      0.42000000	      0.00547124	      0.01350462	      0.02028617
      0.42500000	      0.00544145	      0.01346781	      0.01962328
      0.43000000	      0.00541271	      0.01343219	      0.01943272
      0.43500000	      0.00539959	      0.01341590	      0.01887908
      0.44000000	      0.00545671	      0.01348667	      0.01870635
      0.44500000	      0.00550940	      0.01355163	      0.01877326
      0.45000000	      0.00559072	      0.01365127	      0.01911287
      0.45500000	      0.00569204	      0.01377442	      0.01938540
      0.46000000	      0.00577729	      0.01387718	      0.01946059
      0.46500000	      0.00585161	      0.01396616	      0.02013661
      0.47000000	      0.00593136	      0.01406101	      0.02045453
      0.47500000	      0.00596200	      0.01409728	      0.02073334
      0.48000000	      0.00600608	      0.01414930	      0.02107165
      0.48500000	      0.00601629	      0.01416132	      0.02127432
      0.49000000	      0.00602170	      0.01416768	      0.02138559
      0.49500000	      0.00605072	      0.01420178	      0.02128866
      0.50000000	      0.00598339	      0.01412255	      0.02137984
      0.50500000	      0.00598214	      0.01412108	      0.02118893
      0.51000000	      0.00594414	      0.01407616	      0.02112732
      0.51500000	      0.00592679	      0.01405559	      0.02099147
      0.52000000	      0.00592852	      0.01405764	      0.02074939
      0.52500000	      0.00585825	      0.01397409	      0.02082161
      0.53000000	      0.00587215	      0.01399065	      0.02059914
      0.53500000	      0.00583843	      0.01395042	      0.02068852
      0.54000000	      0.00583261	      0.01394347	      0.02073903
      0.54500000	      0.00584290	      0.01395576	      0.02080479
      0.55000000	      0.00585421	      0.01396926	      0.02087620
      0.55500000	      0.00588625	      0.01400743	      0.02118074
      0.56000000	      0.00590225	      0.01402646	      0.02142385
      0.56500000	      0.00594025	      0.01407154	      0.02164878
      0.57000000	      0.00595693	      0.01409129	      0.02187438
      0.57500000	      0.00599252	      0.01413332	      0.02197290
      0.58000000	      0.00600480	      0.01414779	      0.02204032
      0.58500000	      0.00600947	      0.01415330	      0.02205226
      0.59000000	      0.00602209	      0.01416814	      0.02209465
      0.59500000	      0.00602206	      0.01416811	      0.02207036
      0.60000000	      0.00602538	      0.01417202	      0.02212089
      0.60500000	      0.00603202	      0.01417982	      0.02223322
      0.61000000	      0.00605057	      0.01420161	      0.02221158
      0.61500000	      0.00606939	      0.01422367	      0.02226506
      0.62000000	      0.00610349	      0.01426358	      0.02256193
      0.62500000	      0.00612944	      0.01429386	      0.02249135
      0.63000000	      0.00618177	      0.01435476	      0.02290862
      0.63500000	      0.00622251	      0.01440198	      0.02321182
      0.64000000	      0.00623880	      0.01442082	      0.02301540
      0.64500000	      0.00626649	      0.01445279	      0.02341329
      0.65000000	      0.00628632	      0.01447563	      0.02368010
      0.65500000	      0.00629636	      0.01448718	      0.02387281
      0.66000000	      0.00629807	      0.01448915	      0.02395741
      0.66500000	      0.00629101	      0.01448103	      0.02392339
      0.67000000	      0.00627047	      0.01445737	      0.02381204
      0.67500000	      0.00624281	      0.01442545	      0.02366188
      0.68000000	      0.00621952	      0.01439852	      0.02347815
      0.68500000	      0.00614966	      0.01431742	      0.02316590
      0.69000000	      0.00613026	      0.01429482	      0.02292076
      0.69500000	      0.00611759	      0.01428004	      0.02281056
      0.70000000	      0.00611683	      0.01427916	      0.02268230
      0.70500000	      0.00612333	      0.01428674	      0.02256768
      0.71000000	      0.00613580	      0.01430128	      0.02246441
      0.71500000	      0.00614964	      0.01431740	      0.02224400
      0.72000000	      0.00617297	      0.01434454	      0.02221646
      0.72500000	      0.00619379	      0.01436871	      0.02209582
      0.73000000	      0.00618539	      0.01435896	      0.02200490
      0.73500000	      0.00619186	      0.01436647	      0.02189760
      0.74000000	      0.00620425	      0.01438084	      0.02181071
      0.74500000	      0.00623632	      0.01441795	      0.02171059
      0.75000000	      0.00621517	      0.01439348	      0.02203965
      0.75500000	      0.00620589	      0.01438274	      0.02188169
      0.76000000	      0.00618980	      0.01436408	      0.02175185
      0.76500000	      0.00616123	      0.01433088	      0.02166346
      0.77000000	      0.00611551	      0.01427761	      0.02158067
      0.77500000	      0.00600432	      0.01414722	      0.02159017
      0.78000000	      0.00595361	      0.01408736	      0.02151079
      0.78500000	      0.00592137	      0.01404916	      0.02113018
      0.79000000	      0.00592613	      0.01405481	      0.02112624
      0.79500000	      0.00592605	      0.01405472	      0.02104639
      0.80000000	      0.00594444	      0.01407651	      0.02087147
      0.80500000	      0.00598803	      0.01412802	      0.02066321
      0.81000000	      0.00601072	      0.01415477	      0.02047064
      0.81500000	      0.00602568	      0.01417237	      0.02029426
      0.82000000	      0.00597709	      0.01411511	      0.02019184
      0.82500000	      0.00593703	      0.01406772	      0.01978663
      0.83000000	      0.00586345	      0.01398028	      0.01950970
      0.83500000	      0.00572045	      0.01380875	      0.01953091
      0.84000000	      0.00556550	      0.01362045	      0.01919786
      0.84500000	      0.00544723	      0.01347496	      0.01914838
      0.85000000	      0.00525643	      0.01323685	      0.01910474
      0.85500000	      0.00517787	      0.01313757	      0.01917754
      0.86000000	      0.00508587	      0.01302033	      0.01930180
      0.86500000	      0.00501216	      0.01292564	      0.01945265
      0.87000000	      0.00500453	      0.01291580	      0.01987873
      0.87500000	      0.00503514	      0.01295523	      0.02025729
      0.88000000	      0.00502517	      0.01294240	      0.02007319
      0.88500000	      0.00512820	      0.01307440	      0.02093625
      0.89000000	      0.00520401	      0.01317069	      0.02062537
      0.89500000	      0.00531031	      0.01330452	      0.02088816
      0.90000000	      0.00539817	      0.01341413	      0.02139859
      0.90500000	      0.00543137	      0.01345532	      0.02081338
      0.91000000	      0.00546996	      0.01350304	      0.02118571
      0.91500000	      0.00543443	      0.01345911	      0.02062935
      0.92000000	      0.00543936	      0.01346522	      0.02094500
      0.92500000	      0.00542646	      0.01344923	      0.02118215
      0.93000000	      0.00536812	      0.01337675	      0.02131872
      0.93500000	      0.00534398	      0.01334664	      0.02149491
      0.94000000	      0.00528150	      0.01326839	      0.02157144
      0.94500000	      0.00526389	      0.01324625	      0.02167125
      0.95000000	      0.00517856	      0.01313844	      0.02182605
      0.95500000	      0.00514632	      0.01309748	      0.02189155
      0.96000000	      0.00511698	      0.01306009	      0.02194261
      0.96500000	      0.00508629	      0.01302087	      0.02199597
      0.97000000	      0.00506578	      0.01299459	      0.02201203
      0.97500000	      0.00504933	      0.01297348	      0.02201739
      0.98000000	      0.00503518	      0.01295528	      0.02195571
      0.98500000	      0.00502356	      0.01294033	      0.02192935
      0.99000000	      0.00501568	      0.01293017	      0.02194425
      0.99500000	      0.00501164	      0.01292497	      0.02195219
      1.00000000	      0.00500634	      0.01291813	      0.02181662
      1.00500000	      0.00500036	      0.01291041	      0.02170904
      1.01000000	      0.00499144	      0.01289889	      0.02156377
      1.01500000	      0.00498170	      0.01288630	      0.02143332
      1.02000000	      0.00498242	      0.01288723	      0.02147809
      1.02500000	      0.00498282	      0.01288775	      0.02120135
      1.03000000	      0.00495076	      0.01284622	      0.02113393
      1.03500000	      0.00494182	      0.01283462	      0.02098950
      1.04000000	      0.00492961	      0.01281875	      0.02075369
      1.04500000	      0.00496053	      0.01285889	      0.02069697
      1.05000000	      0.00493347	      0.01282377	      0.02031624
      1.05500000	      0.00493403	      0.01282450	      0.02005910
      1.06000000	      0.00494853	      0.01284332	      0.01991570
      1.06500000	      0.00500800	      0.01292027	      0.01996910
      1.07000000	      0.00500880	      0.01292130	      0.01931431
      1.07500000	      0.00502624	      0.01294378	      0.01941582
      1.08000000	      0.00506821	      0.01299771	      0.01963736
      1.08500000	      0.00510722	      0.01304763	      0.01973629
      1.09000000	      0.00514489	      0.01309567	      0.01975661
      1.09500000	      0.00519083	      0.01315400	      0.01980858
      1.10000000	      0.00524535	      0.01322290	      0.02002547
      1.10500000	      0.00530624	      0.01329942	      0.02016495
      1.11000000	      0.00537413	      0.01338423	      0.02026923
      1.11500000	      0.00545236	      0.01348130	      0.02041339
      1.12000000	      0.00556781	      0.01362328	      0.02069879
      1.12500000	      0.00561631	      0.01368248	      0.02051082
      1.13000000	      0.00571790	      0.01380568	      0.02070347
      1.13500000	      0.00582862	      0.01393869	      0.02123628
      1.14000000	      0.00595109	      0.01408437	      0.02150590
      1.14500000	      0.00606276	      0.01421591	      0.02251216
      1.15000000	      0.00617416	      0.01434592	      0.02339600
      1.15500000	      0.00628118	      0.01446972	      0.02348542
      1.16000000	      0.00636097	      0.01456133	      0.02424000
      1.16500000	      0.00646082	      0.01467517	      0.02424087
      1.17000000	      0.00651787	      0.01473982	      0.02485543
      1.17500000	      0.00657595	      0.01480535	      0.02493007
      1.18000000	      0.00665391	      0.01489285	      0.02493234
      1.18500000	      0.00667981	      0.01492181	      0.02517018
      1.19000000	      0.00661479	      0.01484901	      0.02552905
      1.19500000	      0.00657437	      0.01480356	      0.02529628
      1.20000000	      0.00649833	      0.01471771	      0.02494879
      1.20500000	      0.00638657	      0.01459060	      0.02450627
      1.21000000	      0.00621092	      0.01438857	      0.02447137
      1.21500000	      0.00607169	      0.01422638	      0.02383580
      1.22000000	      0.00594023	      0.01407152	      0.02336049
      1.22500000	      0.00583650	      0.01394812	      0.02312767
      1.23000000	      0.00576380	      0.01386098	      0.02315236
      1.23500000	      0.00572566	      0.01381504	      0.02344762
      1.24000000	      0.00573867	      0.01383073	      0.02388887
      1.24500000	      0.00577964	      0.01388001	      0.02410621
      1.25000000	      0.00584283	      0.01395568	      0.02457578
      1.25500000	      0.00592237	      0.01405036	      0.02513692
      1.26000000	      0.00600330	      0.01414602	      0.02511201
      1.26500000	      0.00604134	      0.01419077	      0.02552745
      1.27000000	      0.00598320	      0.01412232	      0.02494372
      1.27500000	      0.00591846	      0.01404571	      0.02449799
      1.28000000	      0.00574507	      0.01383844	      0.02364263
      1.28500000	      0.00558632	      0.01364590	      0.02285852
      1.29000000	      0.00542816	      0.01345134	      0.02184388
      1.29500000	      0.00528833	      0.01327696	      0.02095729
      1.30000000	      0.00517322	      0.01313167	      0.02026558
      1.30500000	      0.00510432	      0.01304393	      0.01957762
      1.31000000	      0.00508585	      0.01302030	      0.01930168
      1.31500000	      0.00509074	      0.01302656	      0.01898833
      1.32000000	      0.00513898	      0.01308814	      0.01939795
      1.32500000	      0.00523557	      0.01321056	      0.01973391
      1.33000000	      0.00529539	      0.01328581	      0.02002560
      1.33500000	      0.00541336	      0.01343299	      0.02070997
      1.34000000	      0.00551007	      0.01355246	      0.02123762
      1.34500000	      0.00562640	      0.01369477	      0.02167743
      1.35000000	      0.00571264	      0.01379933	      0.02220273
      1.35500000	      0.00577264	      0.01387160	      0.02252707
      1.36000000	      0.00577312	      0.01387218	      0.02259291
      1.36500000	      0.00579326	      0.01389635	      0.02245580
      1.37000000	      0.00576510	      0.01386253	      0.02232237
      1.37500000	      0.00573641	      0.01382801	      0.02224372
      1.38000000	      0.00570324	      0.01378796	      0.02207073
      1.38500000	      0.00566053	      0.01373625	      0.02188566
      1.39000000	      0.00565006	      0.01372354	      0.02153231
      1.39500000	      0.00561414	      0.01367984	      0.02165173
      1.40000000	      0.00561211	      0.01367736	      0.02155802
      1.40500000	      0.00562051	      0.01368760	      0.02162588
      1.41000000	      0.00561430	      0.01368003	      0.02183295
      1.41500000	      0.00565920	      0.01373462	      0.02191279
      1.42000000	      0.00566411	      0.01374058	      0.02276325
      1.42500000	      0.00571089	      0.01379720	      0.02277507
      1.43000000	      0.00575227	      0.01384711	      0.02280586
      1.43500000	      0.00579399	      0.01389723	      0.02280804
      1.44000000	      0.00582774	      0.01393765	      0.02279600
      1.44500000	      0.00587927	      0.01399913	      0.02278179
      1.45000000	      0.00592008	      0.01404763	      0.02283424
      1.45500000	      0.00596009	      0.01409502	      0.02289848
      1.46000000	      0.00599491	      0.01413614	      0.02295847
      1.46500000	      0.00602685	      0.01417375	      0.02301764
      1.47000000	      0.00605551	      0.01420741	      0.02309657
      1.47500000	      0.00605280	      0.01420422	      0.02372618
      1.48000000	      0.00607734	      0.01423299	      0.02374582
      1.48500000	      0.00610953	      0.01427063	      0.02377721
      1.49000000	      0.00609125	      0.01424927	      0.02388694
      1.49500000	      0.00611532	      0.01427740	      0.02396715
      1.50000000	      0.00611984	      0.01428267	      0.02436486
      1.50500000	      0.00614195	      0.01430845	      0.02428907
      1.51000000	      0.00615655	      0.01432544	      0.02419821
      1.51500000	      0.00616636	      0.01433685	      0.02407466
      1.52000000	      0.00613129	      0.01429603	      0.02422376
      1.52500000	      0.00613799	      0.01430383	      0.02407223
      1.53000000	      0.00613957	      0.01430568	      0.02390878
      1.53500000	      0.00613563	      0.01430108	      0.02372841
      1.54000000	      0.00612779	      0.01429195	      0.02374443
      1.54500000	      0.00611890	      0.01428157	      0.02377606
      1.55000000	      0.00610901	      0.01427002	      0.02380586
      1.55500000	      0.00610050	      0.01426008	      0.02383273
      1.56000000	      0.00609562	      0.01425438	      0.02384413
      1.56500000	      0.00609477	      0.01425339	      0.02385212
      1.57000000	      0.00610173	      0.01426153	      0.02385246
      1.57500000	      0.00611725	      0.01427965	      0.02383663
      1.58000000	      0.00613993	      0.01430609	      0.02382966
      1.58500000	      0.00617866	      0.01435115	      0.02396079
      1.59000000	      0.00619490	      0.01436999	      0.02384188
      1.59500000	      0.00622094	      0.01440016	      0.02381489
      1.60000000	      0.00624191	      0.01442441	      0.02369276
      1.60500000	      0.00625584	      0.01444050	      0.02368575
      1.61000000	      0.00624675	      0.01443001	      0.02352056
      1.61500000	      0.00626713	      0.01445352	      0.02317961
      1.62000000	      0.00621917	      0.01439812	      0.02328939
      1.62500000	      0.00614732	      0.01431470	      0.02316055
      1.63000000	      0.00611220	      0.01427375	      0.02288363
      1.63500000	      0.00607605	      0.01423148	      0.02267541
      1.64000000	      0.00598169	      0.01412054	      0.02278250
      1.64500000	      0.00595650	      0.01409078	      0.02242740
      1.65000000	      0.00593595	      0.01406645	      0.02218884
      1.65500000	      0.00591771	      0.01404482	      0.02207834
      1.66000000	      0.00589780	      0.01402118	      0.02189272
      1.66500000	      0.00585607	      0.01397148	      0.02192105
      1.67000000	      0.00585419	      0.01396925	      0.02143593
      1.67500000	      0.00583697	      0.01394867	      0.02123322
      1.68000000	      0.00579263	      0.01389560	      0.02103734
      1.68500000	      0.00567644	      0.01375553	      0.02078153
      1.69000000	      0.00560296	      0.01366621	      0.02040275
      1.69500000	      0.00546494	      0.01349684	      0.02008923
      1.70000000	      0.00529194	      0.01328148	      0.01950775
      1.70500000	      0.00516200	      0.01311742	      0.01913137
      1.71000000	      0.00501844	      0.01293373	      0.01907579
      1.71500000	      0.00481155	      0.01266432	      0.01908390
      1.72000000	      0.00473650	      0.01256516	      0.01927686
      1.72500000	      0.00464579	      0.01244427	      0.01927484
      1.73000000	      0.00459666	      0.01237829	      0.01971096
      1.73500000	      0.00459967	      0.01238234	      0.01943678
      1.74000000	      0.00463961	      0.01243599	      0.01975729
      1.74500000	      0.00472079	      0.01254431	      0.02000913
      1.75000000	      0.00476215	      0.01259915	      0.01948445
      1.75500000	      0.00487114	      0.01274250	      0.01986700
      1.76000000	      0.00494128	      0.01283391	      0.01915884
      1.76500000	      0.00502985	      0.01294843	      0.01946350
      1.77000000	      0.00506377	      0.01299201	      0.01908929
      1.77500000	      0.00511675	      0.01305980	      0.01959941
      1.78000000	      0.00515067	      0.01310301	      0.02003479
      1.78500000	      0.00510652	      0.01304674	      0.02072300
      1.79000000	      0.00508434	      0.01301838	      0.02087437
      1.79500000	      0.00504588	      0.01296904	      0.02103227
      1.80000000	      0.00503155	      0.01295061	      0.02123513
      1.80500000	      0.00496718	      0.01286750	      0.02166414
      1.81000000	      0.00495126	      0.01284687	      0.02186960
      1.81500000	      0.00489665	      0.01277583	      0.02199279
      1.82000000	      0.00486452	      0.01273384	      0.02208010
      1.82500000	      0.00483775	      0.01269876	      0.02211654
      1.83000000	      0.00481335	      0.01266669	      0.02214948
      1.83500000	      0.00480097	      0.01265038	      0.02210875
      1.84000000	      0.00479784	      0.01264627	      0.02207408
      1.84500000	      0.00479774	      0.01264613	      0.02213632
      1.85000000	      0.00480500	      0.01265570	      0.02203918
      1.85500000	      0.00481599	      0.01267017	      0.02209332
      1.86000000	      0.00482041	      0.01267597	      0.02192408
      1.86500000	      0.00483932	      0.01270081	      0.02191708
      1.87000000	      0.00484686	      0.01271070	      0.02184866
      1.87500000	      0.00485041	      0.01271535	      0.02173808
      1.88000000	      0.00485045	      0.01271541	      0.02159469
      1.88500000	      0.00484617	      0.01270979	      0.02146255
      1.89000000	      0.00484790	      0.01271207	      0.02128707
      1.89500000	      0.00484280	      0.01270538	      0.02108714
      1.90000000	      0.00483338	      0.01269301	      0.02075007
      1.90500000	      0.00482475	      0.01268168	      0.02022703
      1.91000000	      0.00482054	      0.01267615	      0.01993442
      1.91500000	      0.00482086	      0.01267657	      0.02012311
      1.92000000	      0.00482729	      0.01268501	      0.02015399
      1.92500000	      0.00483347	      0.01269313	      0.02012486
      1.93000000	      0.00484540	      0.01270879	      0.02032565
      1.93500000	      0.00485731	      0.01272440	      0.02032848
      1.94000000	      0.00487262	      0.01274444	      0.02057884
      1.94500000	      0.00489351	      0.01277172	      0.02068666
      1.95000000	      0.00492597	      0.01281402	      0.02104288
      1.95500000	      0.00496011	      0.01285834	      0.02127053
      1.96000000	      0.00500934	      0.01292200	      0.02162657
      1.96500000	      0.00504695	      0.01297041	      0.02153096
      1.97000000	      0.00510993	      0.01305110	      0.02201620
      1.97500000	      0.00517895	      0.01313894	      0.02234271
      1.98000000	      0.00525303	      0.01323257	      0.02255828
      1.98500000	      0.00533584	      0.01333646	      0.02273756
      1.99000000	      0.00538196	      0.01339398	      0.02223895
      1.99500000	      0.00548912	      0.01352666	      0.02249294
      2.00000000	      0.00561415	      0.01367985	      0.02271007
      2.00500000	      0.00572749	      0.01381725	      0.02238642
      2.01000000	      0.00586824	      0.01398599	      0.02258291
      2.01500000	      0.00602092	      0.01416677	      0.02275732
      2.02000000	      0.00615843	      0.01432763	      0.02262485
      2.02500000	      0.00629540	      0.01448609	      0.02356596
      2.03000000	      0.00636846	      0.01456991	      0.02391398
      2.03500000	      0.00645526	      0.01466886	      0.02448083
      2.04000000	      0.00652024	      0.01474250	      0.02451632
      2.04500000	      0.00654161	      0.01476664	      0.02489615
      2.05000000	      0.00659123	      0.01482254	      0.02475253
      2.05500000	      0.00650048	      0.01472015	      0.02482596
      2.06000000	      0.00645362	      0.01466700	      0.02492447
      2.06500000	      0.00639255	      0.01459743	      0.02427168
      2.07000000	      0.00625506	      0.01443960	      0.02459201
      2.07500000	      0.00614772	      0.01431517	      0.02387630
      2.08000000	      0.00602191	      0.01416793	      0.02324652
      2.08500000	      0.00585330	      0.01396818	      0.02333494
      2.09000000	      0.00572560	      0.01381496	      0.02261519
      2.09500000	      0.00560069	      0.01366344	      0.02214142
      2.10000000	      0.00551437	      0.01355775	      0.02186817
      2.10500000	      0.00543588	      0.01346091	      0.02193355
      2.11000000	      0.00544075	      0.01346693	      0.02186387
      2.11500000	      0.00543147	      0.01345544	      0.02244881
      2.12000000	      0.00549480	      0.01353366	      0.02276775
      2.12500000	      0.00559297	      0.01365402	      0.02277948
      2.13000000	      0.00567927	      0.01375896	      0.02317375
      2.13500000	      0.00574933	      0.01384357	      0.02365064
      2.14000000	      0.00580289	      0.01390790	      0.02356101
      2.14500000	      0.00583910	      0.01395122	      0.02357908
      2.15000000	      0.00584293	      0.01395580	      0.02350565
      2.15500000	      0.00577835	      0.01387846	      0.02288510
      2.16000000	      0.00573899	      0.01383111	      0.02262186
      2.16500000	      0.00570379	      0.01378863	      0.02214927
      2.17000000	      0.00565746	      0.01373251	      0.02181622
      2.17500000	      0.00562324	      0.01369092	      0.02147059
      2.18000000	      0.00559667	      0.01365854	      0.02092545
      2.18500000	      0.00548563	      0.01352237	      0.02122971
      2.19000000	      0.00549565	      0.01353471	      0.02071323
      2.19500000	      0.00551085	      0.01355342	      0.02077730
      2.20000000	      0.00555289	      0.01360501	      0.02100306
      2.20500000	      0.00560526	      0.01366902	      0.02111003
      2.21000000	      0.00564211	      0.01371387	      0.02106208
      2.21500000	      0.00569271	      0.01377523	      0.02134210
      2.22000000	      0.00574526	      0.01383867	      0.02156689
      2.22500000	      0.00576008	      0.01385651	      0.02174587
      2.23000000	      0.00580386	      0.01390907	      0.02183340
      2.23500000	      0.00581490	      0.01392229	      0.02211639
      2.24000000	      0.00584966	      0.01396383	      0.02212832
      2.24500000	      0.00584354	      0.01395652	      0.02213468
      2.25000000	      0.00588014	      0.01400016	      0.02215274
      2.25500000	      0.00587611	      0.01399537	      0.02239852
      2.26000000	      0.00587488	      0.01399391	      0.02231489
      2.26500000	      0.00589507	      0.01401793	      0.02229740
      2.27000000	      0.00590101	      0.01402499	      0.02274783
      2.27500000	      0.00594440	      0.01407646	      0.02268941
      2.28000000	      0.00594441	      0.01407647	      0.02303736
      2.28500000	      0.00595505	      0.01408906	      0.02334071
      2.29000000	      0.00598146	      0.01412027	      0.02350561
      2.29500000	      0.00601102	      0.01415512	      0.02372900
      2.30000000	      0.00605694	      0.01420908	      0.02381622
      2.30500000	      0.00610260	      0.01426253	      0.02387814
      2.31000000	      0.00613966	      0.01430578	      0.02397773
      2.31500000	      0.00617652	      0.01434866	      0.02404604
      2.32000000	      0.00620417	      0.01438073	      0.02407747
      2.32500000	      0.00622026	      0.01439938	      0.02421530
      2.33000000	      0.00623960	      0.01442175	      0.02431411
      2.33500000	      0.00624542	      0.01442847	      0.02438234
      2.34000000	      0.00625656	      0.01444132	      0.02445114
      2.34500000	      0.00626310	      0.01444888	      0.02449158
      2.35000000	      0.00625545	      0.01444005	      0.02441968
      2.35500000	      0.00628268	      0.01447144	      0.02443806
      2.36000000	      0.00626931	      0.01445603	      0.02467419
      2.36500000	      0.00626498	      0.01445105	      0.02473452
      2.37000000	      0.00626938	      0.01445612	      0.02481068
      2.37500000	      0.00624088	      0.01442322	      0.02510317
      2.38000000	      0.00624423	      0.01442710	      0.02513568
      2.38500000	      0.00625901	      0.01444416	      0.02520173
      2.39000000	      0.00625593	      0.01444060	      0.02512309
      2.39500000	      0.00622120	      0.01440047	      0.02467587
      2.40000000	      0.00622469	      0.01440450	      0.02470035
      2.40500000	      0.00622468	      0.01440449	      0.02469429
      2.41000000	      0.00618912	      0.01436329	      0.02429844
      2.41500000	      0.00617381	      0.01434551	      0.02437579
      2.42000000	      0.00615958	      0.01432897	      0.02434429
      2.42500000	      0.00614465	      0.01431159	      0.02429467
      2.43000000	      0.00612659	      0.01429055	      0.02419266
      2.43500000	      0.00610879	      0.01426977	      0.02403652
      2.44000000	      0.00605094	      0.01420204	      0.02393531
      2.44500000	      0.00602996	      0.01417740	      0.02373528
      2.45000000	      0.00600486	      0.01414786	      0.02349867
      2.45500000	      0.00599236	      0.01413313	      0.02326533
      2.46000000	      0.00598640	      0.01412610	      0.02299893
      2.46500000	      0.00599022	      0.01413060	      0.02278091
      2.47000000	      0.00599666	      0.01413820	      0.02270543
      2.47500000	      0.00601119	      0.01415532	      0.02274518
      2.48000000	      0.00600497	      0.01414799	      0.02268691
      2.48500000	      0.00601768	      0.01416296	      0.02258446
      2.49000000	      0.00603364	      0.01418173	      0.02249184
      2.49500000	      0.00603501	      0.01418334	      0.02253441
      2.50000000	      0.00604604	      0.01419630	      0.02261963
      2.50500000	      0.00604568	      0.01419587	      0.02242007
      2.51000000	      0.00603411	      0.01418228	      0.02220188
      2.51500000	      0.00596177	      0.01409701	      0.02224417
      2.52000000	      0.00590133	      0.01402537	      0.02206264
      2.52500000	      0.00583591	      0.01394742	      0.02189897
      2.53000000	      0.00576494	      0.01386234	      0.02170275
      2.53500000	      0.00565728	      0.01373230	      0.02166455
      2.54000000	      0.00559141	      0.01365212	      0.02145868
      2.54500000	      0.00555236	      0.01360436	      0.02118319
      2.55000000	      0.00554280	      0.01359264	      0.02072449
      2.55500000	      0.00554312	      0.01359304	      0.02039384
      2.56000000	      0.00555743	      0.01361057	      0.02011366
      2.56500000	      0.00555968	      0.01361332	      0.01984551
      2.57000000	      0.00561578	      0.01368184	      0.01934388
      2.57500000	      0.00562568	      0.01369389	      0.01913971
      2.58000000	      0.00556659	      0.01362178	      0.01881227
      2.58500000	      0.00554464	      0.01359490	      0.01868907
      2.59000000	      0.00548782	      0.01352507	      0.01873587
      2.59500000	      0.00532322	      0.01332068	      0.01839289
      2.60000000	      0.00525630	      0.01323669	      0.01834256
      2.60500000	      0.00516961	      0.01312708	      0.01842395
      2.61000000	      0.00507734	      0.01300941	      0.01852274
      2.61500000	      0.00497846	      0.01288211	      0.01863760
      2.62000000	      0.00488969	      0.01276674	      0.01873152
      2.62500000	      0.00483593	      0.01269637	      0.01886871
      2.63000000	      0.00476206	      0.01259903	      0.01872040
      2.63500000	      0.00479903	      0.01264784	      0.01898680
      2.64000000	      0.00480775	      0.01265931	      0.01881318
      2.64500000	      0.00487361	      0.01274573	      0.01929868
      2.65000000	      0.00493762	      0.01282916	      0.01977484
      2.65500000	      0.00503976	      0.01296117	      0.02020901
      2.66000000	      0.00504133	      0.01296319	      0.02147756
      2.66500000	      0.00512589	      0.01307146	      0.02185818
      2.67000000	      0.00514492	      0.01309570	      0.02198961
      2.67500000	      0.00519213	      0.01315564	      0.02227851
      2.68000000	      0.00514352	      0.01309392	      0.02311078
      2.68500000	      0.00515236	      0.01310516	      0.02329759
      2.69000000	      0.00510559	      0.01304554	      0.02326469
      2.69500000	      0.00509771	      0.01303548	      0.02340396
      2.70000000	      0.00507951	      0.01301219	      0.02350788
      2.70500000	      0.00502159	      0.01293779	      0.02334490
      2.71000000	      0.00499088	      0.01289816	      0.02331781
      2.71500000	      0.00499223	      0.01289991	      0.02338937
      2.72000000	      0.00496363	      0.01286290	      0.02316777
      2.72500000	      0.00495868	      0.01285648	      0.02318655
      2.73000000	      0.00495810	      0.01285574	      0.02313704
      2.73500000	      0.00496673	      0.01286692	      0.02312403
      2.74000000	      0.00498139	      0.01288589	      0.02310777
      2.74500000	      0.00499977	      0.01290965	      0.02307399
      2.75000000	      0.00499938	      0.01290915	      0.02290310
      2.75500000	      0.00501170	      0.01292504	      0.02279515
      2.76000000	      0.00502893	      0.01294724	      0.02262770
      2.76500000	      0.00503277	      0.01295218	      0.02242433
      2.77000000	      0.00505153	      0.01297630	      0.02221618
      2.77500000	      0.00509297	      0.01302941	      0.02210620
      2.78000000	      0.00508327	      0.01301700	      0.02190945
      2.78500000	      0.00509304	      0.01302950	      0.02160117
      2.79000000	      0.00513710	      0.01308574	      0.02159712
      2.79500000	      0.00512568	      0.01307119	      0.02115051
      2.80000000	      0.00516711	      0.01312391	      0.02115974
      2.80500000	      0.00516563	      0.01312203	      0.02074511
      2.81000000	      0.00519758	      0.01316255	      0.02060510
      2.81500000	      0.00517006	      0.01312766	      0.01993566
      2.82000000	      0.00520599	      0.01317320	      0.01974299
      2.82500000	      0.00524615	      0.01322391	      0.01937662
      2.83000000	      0.00528672	      0.01327494	      0.01916360
      2.83500000	      0.00533497	      0.01333538	      0.01910438
      2.84000000	      0.00536689	      0.01337521	      0.01926084
      2.84500000	      0.00541464	      0.01343458	      0.01944325
      2.85000000	      0.00546303	      0.01349448	      0.01952317
      2.85500000	      0.00552048	      0.01356525	      0.01971115
      2.86000000	      0.00556277	      0.01361710	      0.01973818
      2.86500000	      0.00559037	      0.01365085	      0.01960608
      2.87000000	      0.00566237	      0.01373847	      0.01973535
      2.87500000	      0.00574575	      0.01383925	      0.02014325
      2.88000000	      0.00584290	      0.01395577	      0.02095922
      2.88500000	      0.00596624	      0.01410229	      0.02084314
      2.89000000	      0.00605667	      0.01420877	      0.02196845
      2.89500000	      0.00611869	      0.01428133	      0.02248767
      2.90000000	      0.00622033	      0.01439946	      0.02347285
      2.90500000	      0.00635768	      0.01455757	      0.02347289
      2.91000000	      0.00643981	      0.01465129	      0.02437509
      2.91500000	      0.00649854	      0.01471795	      0.02429091
      2.92000000	      0.00654654	      0.01477220	      0.02476562
      2.92500000	      0.00659229	      0.01482373	      0.02501959
      2.93000000	      0.00663283	      0.01486924	      0.02484987
      2.93500000	      0.00663535	      0.01487207	      0.02452804
      2.94000000	      0.00661754	      0.01485209	      0.02440436
      2.94500000	      0.00656169	      0.01478929	      0.02469072
      2.95000000	      0.00651704	      0.01473888	      0.02429826
      2.95500000	      0.00645404	      0.01466747	      0.02408969
      2.96000000	      0.00638821	      0.01459248	      0.02402762
      2.96500000	      0.00634565	      0.01454378	      0.02417636
      2.97000000	      0.00632949	      0.01452526	      0.02399556
      2.97500000	      0.00631922	      0.01451346	      0.02423530
      2.98000000	      0.00631002	      0.01450289	      0.02504206
      2.98500000	      0.00638520	      0.01458904	      0.02441977
      2.99000000	      0.00640635	      0.01461318	      0.02441826
      2.99500000	      0.00639104	      0.01459570	      0.02458668
      3.00000000	      0.00637258	      0.01457461	      0.02416319
      3.00500000	      0.00627376	      0.01446117	      0.02378009
      3.01000000	      0.00618077	      0.01435359	      0.02336643
      3.01500000	      0.00609757	      0.01425665	      0.02232124
      3.02000000	      0.00587582	      0.01399502	      0.02182862
      3.02500000	      0.00572917	      0.01381927	      0.02129484
      3.03000000	      0.00565130	      0.01372503	      0.02067023
      3.03500000	      0.00560842	      0.01367287	      0.02029171
      3.04000000	      0.00558814	      0.01364812	      0.02024489
      3.04500000	      0.00561271	      0.01367809	      0.02004601
      3.05000000	      0.00564595	      0.01371854	      0.02001881
      3.05500000	      0.00573643	      0.01382803	      0.02017810
      3.06000000	      0.00581025	      0.01391671	      0.02060723
      3.06500000	      0.00590334	      0.01402776	      0.02068898
      3.07000000	      0.00598151	      0.01412032	      0.02114221
      3.07500000	      0.00607320	      0.01422814	      0.02137175
      3.08000000	      0.00610638	      0.01426695	      0.02145825
      3.08500000	      0.00614631	      0.01431352	      0.02176364
      3.09000000	      0.00618810	      0.01436211	      0.02173242
      3.09500000	      0.00616540	      0.01433574	      0.02194766
      3.10000000	      0.00618178	      0.01435477	      0.02176162
      3.10500000	      0.00613312	      0.01429816	      0.02189266
      3.11000000	      0.00612917	      0.01429355	      0.02197710
      3.11500000	      0.00609132	      0.01424936	      0.02229574
      3.12000000	      0.00606491	      0.01421843	      0.02246926
      3.12500000	      0.00603727	      0.01418599	      0.02267849
      3.13000000	      0.00601609	      0.01416109	      0.02287919
      3.13500000	      0.00599172	      0.01413237	      0.02314073
      3.14000000	      0.00599367	      0.01413467	      0.02322918
      3.14500000	      0.00598035	      0.01411896	      0.02348835
      3.15000000	      0.00596046	      0.01409546	      0.02361523
      3.15500000	      0.00598715	      0.01412699	      0.02364279
      3.16000000	      0.00595859	      0.01409325	      0.02364000
      3.16500000	      0.00596542	      0.01410132	      0.02392402
      3.17000000	      0.00595337	      0.01408708	      0.02382630
      3.17500000	      0.00596192	      0.01409719	      0.02399465
      3.18000000	      0.00596186	      0.01409711	      0.02416072
      3.18500000	      0.00594207	      0.01407370	      0.02404030
      3.19000000	      0.00593711	      0.01406783	      0.02425874
      3.19500000	      0.00592670	      0.01405549	      0.02421431
      3.20000000	      0.00592931	      0.01405858	      0.02440946
      3.20500000	      0.00590861	      0.01403402	      0.02430023
      3.21000000	      0.00590671	      0.01403176	      0.02461527
      3.21500000	      0.00592604	      0.01405470	      0.02474742
      3.22000000	      0.00591838	      0.01404561	      0.02467868
      3.22500000	      0.00594752	      0.01408015	      0.02474214
      3.23000000	      0.00594919	      0.01408213	      0.02460032
      3.23500000	      0.00599262	      0.01413344	      0.02468252
      3.24000000	      0.00602750	      0.01417451	      0.02472693
      3.24500000	      0.00600928	      0.01415307	      0.02446111
      3.25000000	      0.00604982	      0.01420073	      0.02448249
      3.25500000	      0.00608547	      0.01424250	      0.02446395
      3.26000000	      0.00611423	      0.01427613	      0.02436688
      3.26500000	      0.00613957	      0.01430567	      0.02426941
      3.27000000	      0.00611268	      0.01427431	      0.02406850
      3.27500000	      0.00613564	      0.01430110	      0.02404226
      3.28000000	      0.00615560	      0.01432434	      0.02401430
      3.28500000	      0.00616960	      0.01434062	      0.02395119
      3.29000000	      0.00617910	      0.01435166	      0.02389050
      3.29500000	      0.00618564	      0.01435924	      0.02379118
      3.30000000	      0.00618934	      0.01436354	      0.02369699
      3.30500000	      0.00619533	      0.01437049	      0.02358465
      3.31000000	      0.00620337	      0.01437981	      0.02349866
      3.31500000	      0.00621663	      0.01439517	      0.02338100
      3.32000000	      0.00623831	      0.01442026	      0.02325978
      3.32500000	      0.00626782	      0.01445432	      0.02316283
      3.33000000	      0.00627149	      0.01445855	      0.02332941
      3.33500000	      0.00631828	      0.01451239	      0.02330157
      3.34000000	      0.00636781	      0.01456916	      0.02325844
      3.34500000	      0.00641823	      0.01462672	      0.02320882
      3.35000000	      0.00646562	      0.01468062	      0.02315929
      3.35500000	      0.00646979	      0.01468536	      0.02339616
      3.36000000	      0.00651310	      0.01473443	      0.02318477
      3.36500000	      0.00652021	      0.01474247	      0.02316556
      3.37000000	      0.00655138	      0.01477767	      0.02270864
      3.37500000	      0.00654390	      0.01476923	      0.02285719
      3.38000000	      0.00653315	      0.01475709	      0.02286988
      3.38500000	      0.00652213	      0.01474464	      0.02268900
      3.39000000	      0.00650871	      0.01472946	      0.02250057
      3.39500000	      0.00644223	      0.01465404	      0.02268489
      3.40000000	      0.00641390	      0.01462178	      0.02241304
      3.40500000	      0.00637471	      0.01457705	      0.02220656
      3.41000000	      0.00632880	      0.01452447	      0.02200471
      3.41500000	      0.00627736	      0.01446531	      0.02178712
      3.42000000	      0.00622265	      0.01440214	      0.02157282
      3.42500000	      0.00619599	      0.01437126	      0.02138738
      3.43000000	      0.00613010	      0.01429464	      0.02118193
      3.43500000	      0.00609340	      0.01425178	      0.02106465
      3.44000000	      0.00602063	      0.01416643	      0.02099963
      3.44500000	      0.00603401	      0.01418216	      0.02080335
      3.45000000	      0.00602927	      0.01417659	      0.02060802
      3.45500000	      0.00607115	      0.01422574	      0.02051540
      3.46000000	      0.00606992	      0.01422429	      0.02029966
      3.46500000	      0.00609218	      0.01425036	      0.02022606
      3.47000000	      0.00600457	      0.01414752	      0.02017386
      3.47500000	      0.00596203	      0.01409731	      0.01995649
      3.48000000	      0.00583257	      0.01394343	      0.01998610
      3.48500000	      0.00570905	      0.01379499	      0.01963906
      3.49000000	      0.00555856	      0.01361195	      0.01975540
      3.49500000	      0.00529431	      0.01328446	      0.01946983
      3.50000000	      0.00518751	      0.01314979	      0.01954721
      3.50500000	      0.00508866	      0.01302390	      0.01960416
      3.51000000	      0.00501771	      0.01293279	      0.01964564
      3.51500000	      0.00494228	      0.01283521	      0.01961663
      3.52000000	      0.00495599	      0.01285300	      0.01986464
      3.52500000	      0.00498250	      0.01288733	      0.02017070
      3.53000000	      0.00501542	      0.01292984	      0.02037230
      3.53500000	      0.00506079	      0.01298819	      0.02019460
      3.54000000	      0.00514171	      0.01309161	      0.02091750
      3.54500000	      0.00518914	      0.01315185	      0.02029242
      3.55000000	      0.00525469	      0.01323467	      0.02085234
      3.55500000	      0.00531061	      0.01330490	      0.02125568
      3.56000000	      0.00535228	      0.01335700	      0.02155386
      3.56500000	      0.00537404	      0.01338412	      0.02182081
      3.57000000	      0.00531522	      0.01331067	      0.02137541
      3.57500000	      0.00531974	      0.01331633	      0.02165197
      3.58000000	      0.00531170	      0.01330627	      0.02187583
      3.58500000	      0.00523316	      0.01320753	      0.02052645
      3.59000000	      0.00522597	      0.01319844	      0.02058234
      3.59500000	      0.00521066	      0.01317910	      0.02065529
      3.60000000	      0.00518890	      0.01315156	      0.02075529
      3.60500000	      0.00512476	      0.01307002	      0.02076367
      3.61000000	      0.00509722	      0.01303486	      0.02087370
      3.61500000	      0.00506735	      0.01299661	      0.02099798
      3.62000000	      0.00504188	      0.01296389	      0.02110010
      3.62500000	      0.00502124	      0.01293734	      0.02120278
      3.63000000	      0.00500337	      0.01291430	      0.02124471
      3.63500000	      0.00499354	      0.01290161	      0.02132072
      3.64000000	      0.00498290	      0.01288785	      0.02130950
      3.64500000	      0.00498773	      0.01289410	      0.02136003
      3.65000000	      0.00498946	      0.01289633	      0.02129358
      3.65500000	      0.00499260	      0.01290039	      0.02117903
      3.66000000	      0.00499306	      0.01290098	      0.02103235
      3.66500000	      0.00499399	      0.01290218	      0.02097450
      3.67000000	      0.00499326	      0.01290124	      0.02084923
      3.67500000	      0.00497805	      0.01288158	      0.02061261
      3.68000000	      0.00495420	      0.01285068	      0.01961295
      3.68500000	      0.00494014	      0.01283243	      0.01956723
      3.69000000	      0.00491626	      0.01280138	      0.01963707
      3.69500000	      0.00490413	      0.01278557	      0.01969459
      3.70000000	      0.00489412	      0.01277252	      0.01977981
      3.70500000	      0.00489928	      0.01277926	      0.01991756
      3.71000000	      0.00490178	      0.01278251	      0.02017641
      3.71500000	      0.00490557	      0.01278745	      0.02012087
      3.72000000	      0.00491838	      0.01280413	      0.02027792
      3.72500000	      0.00493977	      0.01283195	      0.02025022
      3.73000000	      0.00496862	      0.01286936	      0.02062087
      3.73500000	      0.00500512	      0.01291656	      0.02059231
      3.74000000	      0.00503568	      0.01295593	      0.02075516
      3.74500000	      0.00509152	      0.01302756	      0.02101161
      3.75000000	      0.00514722	      0.01309863	      0.02136503
      3.75500000	      0.00519165	      0.01315504	      0.02149713
      3.76000000	      0.00525818	      0.01323906	      0.02183245
      3.76500000	      0.00532933	      0.01332832	      0.02202647
      3.77000000	      0.00540343	      0.01342067	      0.02216017
      3.77500000	      0.00549307	      0.01353153	      0.02231198
      3.78000000	      0.00557248	      0.01362899	      0.02206986
      3.78500000	      0.00567481	      0.01375356	      0.02223041
      3.79000000	      0.00579720	      0.01390107	      0.02235156
      3.79500000	      0.00592024	      0.01404782	      0.02219576
      3.80000000	      0.00605383	      0.01420544	      0.02232785
      3.80500000	      0.00621431	      0.01439248	      0.02224056
      3.81000000	      0.00633904	      0.01453621	      0.02326943
      3.81500000	      0.00645644	      0.01467019	      0.02408776
      3.82000000	      0.00654496	      0.01477042	      0.02388395
      3.82500000	      0.00659124	      0.01482255	      0.02437049
      3.83000000	      0.00661355	      0.01484761	      0.02458966
      3.83500000	      0.00660713	      0.01484041	      0.02418777
      3.84000000	      0.00659336	      0.01482493	      0.02410448
      3.84500000	      0.00650278	      0.01472274	      0.02426317
      3.85000000	      0.00645434	      0.01466781	      0.02398261
      3.85500000	      0.00638980	      0.01459430	      0.02372409
      3.86000000	      0.00624977	      0.01443349	      0.02415537
      3.86500000	      0.00616148	      0.01433117	      0.02364267
      3.87000000	      0.00601416	      0.01415881	      0.02357269
      3.87500000	      0.00588742	      0.01400883	      0.02293589
      3.88000000	      0.00573760	      0.01382944	      0.02252433
      3.88500000	      0.00560726	      0.01367146	      0.02185215
      3.89000000	      0.00548558	      0.01352230	      0.02123148
      3.89500000	      0.00537980	      0.01339129	      0.02069696
      3.90000000	      0.00530324	      0.01329566	      0.02026624
      3.90500000	      0.00525222	      0.01323156	      0.02005284
      3.91000000	      0.00521134	      0.01317996	      0.02019920
      3.91500000	      0.00521664	      0.01318666	      0.02043298
      3.92000000	      0.00528549	      0.01327340	      0.02065606
      3.92500000	      0.00536417	      0.01337182	      0.02096083
      3.93000000	      0.00548411	      0.01352049	      0.02146632
      3.93500000	      0.00562569	      0.01369391	      0.02174620
      3.94000000	      0.00575505	      0.01385046	      0.02235260
      3.94500000	      0.00587939	      0.01399927	      0.02267666
      3.95000000	      0.00598019	      0.01411877	      0.02287956
      3.95500000	      0.00604713	      0.01419757	      0.02301724
      3.96000000	      0.00607142	      0.01422605	      0.02260995
      3.96500000	      0.00605226	      0.01420359	      0.02241115
      3.97000000	      0.00599305	      0.01413394	      0.02216362
      3.97500000	      0.00591943	      0.01404686	      0.02160576
      3.98000000	      0.00583501	      0.01394634	      0.02096894
      3.98500000	      0.00570677	      0.01379223	      0.02065580
      3.99000000	      0.00557812	      0.01363588	      0.02076777
      3.99500000	      0.00550104	      0.01354135	      0.02122084
