Model Marker Errors from IK
version=1
nRows=800
nColumns=4
inDegrees=no
endheader
time	total_squared_error	marker_error_RMS	marker_error_max
      0.00000000	      0.00665028	      0.01488878	      0.02483772
      0.00500000	      0.00652286	      0.01474546	      0.02507894
      0.01000000	      0.00645346	      0.01466681	      0.02499952
      0.01500000	      0.00636950	      0.01457109	      0.02482737
      0.02000000	      0.00610494	      0.01426527	      0.02479630
      0.02500000	      0.00592232	      0.01405029	      0.02440191
      0.03000000	      0.00580595	      0.01391156	      0.02395225
      0.03500000	      0.00559681	      0.01365871	      0.02347506
      0.04000000	      0.00551219	      0.01355506	      0.02302888
      0.04500000	      0.00520276	      0.01316910	      0.02303381
      0.05000000	      0.00508172	      0.01301502	      0.02249867
      0.05500000	      0.00499903	      0.01290870	      0.02221703
      0.06000000	      0.00494029	      0.01283263	      0.02237096
      0.06500000	      0.00485005	      0.01271489	      0.02280424
      0.07000000	      0.00482957	      0.01268801	      0.02229418
      0.07500000	      0.00484396	      0.01270690	      0.02291252
      0.08000000	      0.00487717	      0.01275039	      0.02250844
      0.08500000	      0.00492327	      0.01281050	      0.02352636
      0.09000000	      0.00499937	      0.01290913	      0.02346914
      0.09500000	      0.00503916	      0.01296040	      0.02313334
      0.10000000	      0.00509429	      0.01303111	      0.02400596
      0.10500000	      0.00514874	      0.01310055	      0.02415990
      0.11000000	      0.00513786	      0.01308671	      0.02390686
      0.11500000	      0.00513966	      0.01308901	      0.02407551
      0.12000000	      0.00515750	      0.01311171	      0.02433623
      0.12500000	      0.00512348	      0.01306839	      0.02449406
      0.13000000	      0.00512711	      0.01307301	      0.02459570
      0.13500000	      0.00507594	      0.01300761	      0.02400784
      0.14000000	      0.00508865	      0.01302388	      0.02409793
      0.14500000	      0.00503891	      0.01296008	      0.02356990
      0.15000000	      0.00502263	      0.01293913	      0.02367809
      0.15500000	      0.00501970	      0.01293536	      0.02350888
      0.16000000	      0.00502013	      0.01293591	      0.02328020
      0.16500000	      0.00502372	      0.01294053	      0.02310749
      0.17000000	      0.00503860	      0.01295968	      0.02291984
      0.17500000	      0.00504684	      0.01297028	      0.02257868
      0.18000000	      0.00506080	      0.01298820	      0.02242077
      0.18500000	      0.00507492	      0.01300630	      0.02230077
      0.19000000	      0.00508213	      0.01301554	      0.02217503
      0.19500000	      0.00508553	      0.01301989	      0.02203369
      0.20000000	      0.00508039	      0.01301332	      0.02202871
      0.20500000	      0.00508383	      0.01301772	      0.02190698
      0.21000000	      0.00507912	      0.01301169	      0.02182816
      0.21500000	      0.00507973	      0.01301247	      0.02170646
      0.22000000	      0.00508281	      0.01301641	      0.02158124
      0.22500000	      0.00508286	      0.01301648	      0.02145083
      0.23000000	      0.00508397	      0.01301790	      0.02132962
      0.23500000	      0.00509589	      0.01303315	      0.02132010
      0.24000000	      0.00507220	      0.01300283	      0.02094621
      0.24500000	      0.00507830	      0.01301063	      0.02081141
      0.25000000	      0.00506019	      0.01298742	      0.02054064
      0.25500000	      0.00504860	      0.01297253	      0.02031832
      0.26000000	      0.00504354	      0.01296603	      0.01997744
      0.26500000	      0.00506245	      0.01299031	      0.02005328
      0.27000000	      0.00505938	      0.01298638	      0.02010768
      0.27500000	      0.00509503	      0.01303205	      0.02053294
      0.28000000	      0.00513269	      0.01308012	      0.02095867
      0.28500000	      0.00515384	      0.01310705	      0.02127303
      0.29000000	      0.00519952	      0.01316500	      0.02165494
      0.29500000	      0.00524874	      0.01322717	      0.02209437
      0.30000000	      0.00529749	      0.01328845	      0.02255923
      0.30500000	      0.00534329	      0.01334578	      0.02295738
      0.31000000	      0.00530939	      0.01330337	      0.02194706
      0.31500000	      0.00534803	      0.01335169	      0.02233010
      0.32000000	      0.00539373	      0.01340861	      0.02268152
      0.32500000	      0.00540978	      0.01342855	      0.02226951
      0.33000000	      0.00546499	      0.01349690	      0.02265374
      0.33500000	      0.00553223	      0.01357967	      0.02292914
      0.34000000	      0.00558947	      0.01364975	      0.02251113
      0.34500000	      0.00566551	      0.01374228	      0.02274005
      0.35000000	      0.00575491	      0.01385029	      0.02296673
      0.35500000	      0.00581435	      0.01392163	      0.02233361
      0.36000000	      0.00589343	      0.01401598	      0.02248573
      0.36500000	      0.00598227	      0.01412122	      0.02264852
      0.37000000	      0.00608772	      0.01424514	      0.02245947
      0.37500000	      0.00616014	      0.01432962	      0.02283911
      0.38000000	      0.00626863	      0.01445525	      0.02295259
      0.38500000	      0.00634877	      0.01454736	      0.02375801
      0.39000000	      0.00643519	      0.01464603	      0.02418403
      0.39500000	      0.00655813	      0.01478527	      0.02389858
      0.40000000	      0.00656282	      0.01479056	      0.02462171
      0.40500000	      0.00660276	      0.01483550	      0.02476720
      0.41000000	      0.00664712	      0.01488525	      0.02469593
      0.41500000	      0.00654542	      0.01477094	      0.02511491
      0.42000000	      0.00650925	      0.01473007	      0.02476174
      0.42500000	      0.00645759	      0.01467150	      0.02437703
      0.43000000	      0.00633139	      0.01452744	      0.02485807
      0.43500000	      0.00625505	      0.01443959	      0.02427548
      0.44000000	      0.00617926	      0.01435184	      0.02391974
      0.44500000	      0.00610307	      0.01426308	      0.02384573
      0.45000000	      0.00603732	      0.01418605	      0.02392157
      0.45500000	      0.00600694	      0.01415031	      0.02387491
      0.46000000	      0.00597010	      0.01410685	      0.02429450
      0.46500000	      0.00598722	      0.01412707	      0.02403981
      0.47000000	      0.00596086	      0.01409593	      0.02444250
      0.47500000	      0.00596021	      0.01409516	      0.02406570
      0.48000000	      0.00589831	      0.01402178	      0.02412794
      0.48500000	      0.00583372	      0.01394479	      0.02326716
      0.49000000	      0.00573803	      0.01382996	      0.02302364
      0.49500000	      0.00562614	      0.01369445	      0.02253587
      0.50000000	      0.00552870	      0.01357534	      0.02189654
      0.50500000	      0.00546769	      0.01350024	      0.02092286
      0.51000000	      0.00541037	      0.01342928	      0.02055713
      0.51500000	      0.00540702	      0.01342512	      0.02014441
      0.52000000	      0.00542494	      0.01344735	      0.01989946
      0.52500000	      0.00545390	      0.01348321	      0.01990202
      0.53000000	      0.00554849	      0.01359962	      0.02016056
      0.53500000	      0.00563568	      0.01370606	      0.02038161
      0.54000000	      0.00574959	      0.01384388	      0.02060266
      0.54500000	      0.00585396	      0.01396896	      0.02081969
      0.55000000	      0.00593984	      0.01407106	      0.02117902
      0.55500000	      0.00601702	      0.01416217	      0.02141789
      0.56000000	      0.00605368	      0.01420525	      0.02143305
      0.56500000	      0.00609595	      0.01425477	      0.02163490
      0.57000000	      0.00608770	      0.01424511	      0.02193725
      0.57500000	      0.00604256	      0.01419220	      0.02176461
      0.58000000	      0.00603698	      0.01418565	      0.02161039
      0.58500000	      0.00601862	      0.01416406	      0.02148625
      0.59000000	      0.00595798	      0.01409253	      0.02161505
      0.59500000	      0.00593640	      0.01406698	      0.02131551
      0.60000000	      0.00590573	      0.01403060	      0.02125771
      0.60500000	      0.00587602	      0.01399526	      0.02121948
      0.61000000	      0.00586182	      0.01397834	      0.02096741
      0.61500000	      0.00582575	      0.01393527	      0.02129738
      0.62000000	      0.00581216	      0.01391901	      0.02144826
      0.62500000	      0.00578211	      0.01388297	      0.02222666
      0.63000000	      0.00579039	      0.01389291	      0.02243957
      0.63500000	      0.00580889	      0.01391508	      0.02263574
      0.64000000	      0.00583406	      0.01394520	      0.02267485
      0.64500000	      0.00587129	      0.01398963	      0.02300103
      0.65000000	      0.00591831	      0.01404553	      0.02326762
      0.65500000	      0.00596253	      0.01409791	      0.02350072
      0.66000000	      0.00601132	      0.01415547	      0.02373496
      0.66500000	      0.00604698	      0.01419739	      0.02410900
      0.67000000	      0.00608110	      0.01423740	      0.02441728
      0.67500000	      0.00611992	      0.01428276	      0.02460155
      0.68000000	      0.00614497	      0.01431196	      0.02471993
      0.68500000	      0.00615696	      0.01432592	      0.02474528
      0.69000000	      0.00618873	      0.01436283	      0.02495493
      0.69500000	      0.00621984	      0.01439889	      0.02509019
      0.70000000	      0.00623945	      0.01442157	      0.02508781
      0.70500000	      0.00627320	      0.01446052	      0.02516934
      0.71000000	      0.00632513	      0.01452025	      0.02523151
      0.71500000	      0.00632586	      0.01452108	      0.02518098
      0.72000000	      0.00633351	      0.01452987	      0.02530682
      0.72500000	      0.00637239	      0.01457439	      0.02527283
      0.73000000	      0.00638058	      0.01458376	      0.02535047
      0.73500000	      0.00638875	      0.01459309	      0.02542162
      0.74000000	      0.00641254	      0.01462024	      0.02550297
      0.74500000	      0.00642108	      0.01462997	      0.02554641
      0.75000000	      0.00644858	      0.01466126	      0.02571808
      0.75500000	      0.00643733	      0.01464847	      0.02580205
      0.76000000	      0.00645111	      0.01466414	      0.02587398
      0.76500000	      0.00646897	      0.01468442	      0.02594849
      0.77000000	      0.00646242	      0.01467698	      0.02584043
      0.77500000	      0.00648315	      0.01470051	      0.02592560
      0.78000000	      0.00650884	      0.01472960	      0.02595983
      0.78500000	      0.00651158	      0.01473270	      0.02570695
      0.79000000	      0.00654699	      0.01477271	      0.02572960
      0.79500000	      0.00658445	      0.01481491	      0.02569773
      0.80000000	      0.00662723	      0.01486296	      0.02562232
      0.80500000	      0.00667258	      0.01491373	      0.02552683
      0.81000000	      0.00668269	      0.01492503	      0.02525062
      0.81500000	      0.00671981	      0.01496642	      0.02516990
      0.82000000	      0.00675990	      0.01501099	      0.02506287
      0.82500000	      0.00679571	      0.01505070	      0.02492828
      0.83000000	      0.00679969	      0.01505511	      0.02445768
      0.83500000	      0.00681283	      0.01506965	      0.02440778
      0.84000000	      0.00682369	      0.01508166	      0.02428971
      0.84500000	      0.00685259	      0.01511356	      0.02414854
      0.85000000	      0.00684230	      0.01510221	      0.02403358
      0.85500000	      0.00685239	      0.01511334	      0.02389619
      0.86000000	      0.00686937	      0.01513205	      0.02400055
      0.86500000	      0.00687590	      0.01513924	      0.02390850
      0.87000000	      0.00689310	      0.01515817	      0.02380663
      0.87500000	      0.00691958	      0.01518725	      0.02376480
      0.88000000	      0.00693534	      0.01520454	      0.02356187
      0.88500000	      0.00693428	      0.01520338	      0.02367279
      0.89000000	      0.00692852	      0.01519707	      0.02357600
      0.89500000	      0.00689395	      0.01515910	      0.02351329
      0.90000000	      0.00683822	      0.01509771	      0.02342400
      0.90500000	      0.00677407	      0.01502672	      0.02310119
      0.91000000	      0.00665881	      0.01489833	      0.02309596
      0.91500000	      0.00656083	      0.01478831	      0.02288123
      0.92000000	      0.00646398	      0.01467876	      0.02278654
      0.92500000	      0.00638258	      0.01458605	      0.02259150
      0.93000000	      0.00632179	      0.01451642	      0.02241051
      0.93500000	      0.00631324	      0.01450659	      0.02218362
      0.94000000	      0.00640060	      0.01460662	      0.02153819
      0.94500000	      0.00641250	      0.01462019	      0.02149112
      0.95000000	      0.00651196	      0.01473314	      0.02074629
      0.95500000	      0.00640259	      0.01460889	      0.02056331
      0.96000000	      0.00635382	      0.01455314	      0.02053244
      0.96500000	      0.00632986	      0.01452568	      0.02077131
      0.97000000	      0.00621465	      0.01439288	      0.02066679
      0.97500000	      0.00611589	      0.01427806	      0.02057007
      0.98000000	      0.00609123	      0.01424925	      0.02070280
      0.98500000	      0.00595194	      0.01408538	      0.02038700
      0.99000000	      0.00586547	      0.01398269	      0.02034763
      0.99500000	      0.00578250	      0.01388345	      0.02011916
      1.00000000	      0.00561540	      0.01368138	      0.01962108
      1.00500000	      0.00554287	      0.01359274	      0.01959306
      1.01000000	      0.00541433	      0.01343420	      0.01924498
      1.01500000	      0.00533231	      0.01333205	      0.01938384
      1.02000000	      0.00531676	      0.01331260	      0.01954463
      1.02500000	      0.00534346	      0.01334599	      0.02013516
      1.03000000	      0.00536630	      0.01337448	      0.01995642
      1.03500000	      0.00541810	      0.01343887	      0.02039117
      1.04000000	      0.00542566	      0.01344824	      0.02035204
      1.04500000	      0.00546702	      0.01349940	      0.02054078
      1.05000000	      0.00552404	      0.01356963	      0.02084801
      1.05500000	      0.00550233	      0.01354294	      0.02099626
      1.06000000	      0.00554139	      0.01359091	      0.02107922
      1.06500000	      0.00555778	      0.01361101	      0.02119855
      1.07000000	      0.00556052	      0.01361435	      0.02104100
      1.07500000	      0.00546733	      0.01349979	      0.02108924
      1.08000000	      0.00543988	      0.01346586	      0.02110023
      1.08500000	      0.00542840	      0.01345165	      0.02089439
      1.09000000	      0.00535758	      0.01336361	      0.02095846
      1.09500000	      0.00530115	      0.01329304	      0.02046981
      1.10000000	      0.00527940	      0.01326574	      0.02046393
      1.10500000	      0.00526285	      0.01324494	      0.02038442
      1.11000000	      0.00524632	      0.01322412	      0.02049748
      1.11500000	      0.00525943	      0.01324063	      0.02072406
      1.12000000	      0.00526466	      0.01324722	      0.02090741
      1.12500000	      0.00529286	      0.01328264	      0.02119274
      1.13000000	      0.00529892	      0.01329024	      0.02135097
      1.13500000	      0.00531675	      0.01331259	      0.02147622
      1.14000000	      0.00532105	      0.01331797	      0.02150960
      1.14500000	      0.00531522	      0.01331067	      0.02164456
      1.15000000	      0.00530865	      0.01330244	      0.02156892
      1.15500000	      0.00528648	      0.01327463	      0.02154949
      1.16000000	      0.00528762	      0.01327607	      0.02166415
      1.16500000	      0.00524279	      0.01321967	      0.02133672
      1.17000000	      0.00522989	      0.01320340	      0.02112907
      1.17500000	      0.00520630	      0.01317359	      0.02090968
      1.18000000	      0.00520988	      0.01317812	      0.02084820
      1.18500000	      0.00523754	      0.01321305	      0.02065550
      1.19000000	      0.00521472	      0.01318423	      0.02022949
      1.19500000	      0.00522819	      0.01320125	      0.02009008
      1.20000000	      0.00524856	      0.01322694	      0.01981779
      1.20500000	      0.00527247	      0.01325703	      0.01955446
      1.21000000	      0.00530053	      0.01329227	      0.01924209
      1.21500000	      0.00532938	      0.01332839	      0.01850009
      1.22000000	      0.00536014	      0.01336680	      0.01816278
      1.22500000	      0.00540015	      0.01341660	      0.01792911
      1.23000000	      0.00545092	      0.01347951	      0.01825451
      1.23500000	      0.00550323	      0.01354404	      0.01884897
      1.24000000	      0.00554841	      0.01359953	      0.01883635
      1.24500000	      0.00560746	      0.01367170	      0.01943592
      1.25000000	      0.00566909	      0.01374663	      0.02001666
      1.25500000	      0.00572467	      0.01381385	      0.02004715
      1.26000000	      0.00579981	      0.01390420	      0.02055513
      1.26500000	      0.00588371	      0.01400442	      0.02106259
      1.27000000	      0.00597703	      0.01411504	      0.02147163
      1.27500000	      0.00607331	      0.01422827	      0.02085496
      1.28000000	      0.00618300	      0.01435618	      0.02146098
      1.28500000	      0.00629957	      0.01449088	      0.02240560
      1.29000000	      0.00644270	      0.01465458	      0.02236555
      1.29500000	      0.00653313	      0.01475706	      0.02341314
      1.30000000	      0.00661008	      0.01484372	      0.02420443
      1.30500000	      0.00669060	      0.01493386	      0.02371434
      1.31000000	      0.00670088	      0.01494532	      0.02427018
      1.31500000	      0.00668576	      0.01492846	      0.02423278
      1.32000000	      0.00669528	      0.01493908	      0.02401521
      1.32500000	      0.00662881	      0.01486474	      0.02419096
      1.33000000	      0.00658870	      0.01481970	      0.02407656
      1.33500000	      0.00649242	      0.01471101	      0.02436230
      1.34000000	      0.00644213	      0.01465392	      0.02375612
      1.34500000	      0.00637569	      0.01457816	      0.02340702
      1.35000000	      0.00627042	      0.01445732	      0.02381635
      1.35500000	      0.00621116	      0.01438884	      0.02380702
      1.36000000	      0.00620096	      0.01437702	      0.02397938
      1.36500000	      0.00622754	      0.01440780	      0.02410519
      1.37000000	      0.00628749	      0.01447698	      0.02442464
      1.37500000	      0.00637167	      0.01457358	      0.02501901
      1.38000000	      0.00649016	      0.01470845	      0.02518315
      1.38500000	      0.00659600	      0.01482790	      0.02542405
      1.39000000	      0.00666487	      0.01490511	      0.02520668
      1.39500000	      0.00670286	      0.01494754	      0.02557632
      1.40000000	      0.00661283	      0.01484681	      0.02471152
      1.40500000	      0.00648928	      0.01470746	      0.02407170
      1.41000000	      0.00635068	      0.01454954	      0.02336488
      1.41500000	      0.00618932	      0.01436352	      0.02227342
      1.42000000	      0.00598216	      0.01412110	      0.02132292
      1.42500000	      0.00580946	      0.01391577	      0.02047824
      1.43000000	      0.00566317	      0.01373945	      0.01992008
      1.43500000	      0.00556658	      0.01362177	      0.01957676
      1.44000000	      0.00552015	      0.01356485	      0.01919659
      1.44500000	      0.00551824	      0.01356249	      0.01966513
      1.45000000	      0.00555707	      0.01361013	      0.01955944
      1.45500000	      0.00563808	      0.01370897	      0.02045604
      1.46000000	      0.00576925	      0.01386753	      0.02100726
      1.46500000	      0.00586932	      0.01398729	      0.02123180
      1.47000000	      0.00599931	      0.01414132	      0.02171180
      1.47500000	      0.00609586	      0.01425466	      0.02232447
      1.48000000	      0.00616763	      0.01433833	      0.02258932
      1.48500000	      0.00623805	      0.01441996	      0.02252176
      1.49000000	      0.00622591	      0.01440592	      0.02257656
      1.49500000	      0.00621267	      0.01439059	      0.02237787
      1.50000000	      0.00619222	      0.01436689	      0.02198184
      1.50500000	      0.00615213	      0.01432030	      0.02172817
      1.51000000	      0.00609487	      0.01425350	      0.02162105
      1.51500000	      0.00606521	      0.01421878	      0.02131292
      1.52000000	      0.00602506	      0.01417164	      0.02117261
      1.52500000	      0.00598345	      0.01412262	      0.02128654
      1.53000000	      0.00596712	      0.01410334	      0.02148627
      1.53500000	      0.00594578	      0.01407809	      0.02171290
      1.54000000	      0.00594652	      0.01407896	      0.02187705
      1.54500000	      0.00596281	      0.01409824	      0.02200127
      1.55000000	      0.00598511	      0.01412458	      0.02229774
      1.55500000	      0.00601524	      0.01416009	      0.02245000
      1.56000000	      0.00605676	      0.01420886	      0.02256967
      1.56500000	      0.00609743	      0.01425650	      0.02267945
      1.57000000	      0.00611560	      0.01427772	      0.02337913
      1.57500000	      0.00613679	      0.01430244	      0.02345270
      1.58000000	      0.00614301	      0.01430968	      0.02355884
      1.58500000	      0.00614274	      0.01430936	      0.02365456
      1.59000000	      0.00613517	      0.01430055	      0.02372230
      1.59500000	      0.00611854	      0.01428115	      0.02376202
      1.60000000	      0.00610278	      0.01426275	      0.02383979
      1.60500000	      0.00609349	      0.01425189	      0.02394627
      1.61000000	      0.00612115	      0.01428420	      0.02389003
      1.61500000	      0.00606852	      0.01422265	      0.02402214
      1.62000000	      0.00607214	      0.01422690	      0.02419883
      1.62500000	      0.00607045	      0.01422492	      0.02427945
      1.63000000	      0.00607139	      0.01422602	      0.02427040
      1.63500000	      0.00606058	      0.01421335	      0.02424413
      1.64000000	      0.00607800	      0.01423377	      0.02422336
      1.64500000	      0.00604375	      0.01419360	      0.02388174
      1.65000000	      0.00605220	      0.01420352	      0.02404614
      1.65500000	      0.00607751	      0.01423319	      0.02405643
      1.66000000	      0.00606863	      0.01422278	      0.02381488
      1.66500000	      0.00609073	      0.01424866	      0.02385356
      1.67000000	      0.00610854	      0.01426948	      0.02383530
      1.67500000	      0.00612135	      0.01428444	      0.02376895
      1.68000000	      0.00611088	      0.01427221	      0.02360005
      1.68500000	      0.00612280	      0.01428613	      0.02342017
      1.69000000	      0.00613522	      0.01430061	      0.02330605
      1.69500000	      0.00614638	      0.01431361	      0.02322782
      1.70000000	      0.00613367	      0.01429880	      0.02371237
      1.70500000	      0.00615370	      0.01432213	      0.02347552
      1.71000000	      0.00617034	      0.01434148	      0.02338718
      1.71500000	      0.00619123	      0.01436574	      0.02332106
      1.72000000	      0.00620101	      0.01437708	      0.02370140
      1.72500000	      0.00622890	      0.01440938	      0.02353173
      1.73000000	      0.00625520	      0.01443976	      0.02348767
      1.73500000	      0.00628432	      0.01447333	      0.02348341
      1.74000000	      0.00630423	      0.01449624	      0.02380330
      1.74500000	      0.00636153	      0.01456197	      0.02363482
      1.75000000	      0.00635184	      0.01455088	      0.02355816
      1.75500000	      0.00633123	      0.01452725	      0.02349499
      1.76000000	      0.00631890	      0.01451309	      0.02347522
      1.76500000	      0.00629760	      0.01448861	      0.02344372
      1.77000000	      0.00627037	      0.01445726	      0.02337068
      1.77500000	      0.00623935	      0.01442145	      0.02327680
      1.78000000	      0.00620668	      0.01438365	      0.02316423
      1.78500000	      0.00610933	      0.01427040	      0.02312640
      1.79000000	      0.00608755	      0.01424494	      0.02294387
      1.79500000	      0.00607413	      0.01422923	      0.02276121
      1.80000000	      0.00606888	      0.01422308	      0.02259900
      1.80500000	      0.00607336	      0.01422833	      0.02240907
      1.81000000	      0.00602946	      0.01417682	      0.02255275
      1.81500000	      0.00602313	      0.01416937	      0.02232767
      1.82000000	      0.00601892	      0.01416442	      0.02188468
      1.82500000	      0.00597938	      0.01411782	      0.02166134
      1.83000000	      0.00592068	      0.01404834	      0.02136926
      1.83500000	      0.00582543	      0.01393488	      0.02110301
      1.84000000	      0.00572910	      0.01381919	      0.02103306
      1.84500000	      0.00566622	      0.01374314	      0.02101390
      1.85000000	      0.00553468	      0.01358268	      0.02075511
      1.85500000	      0.00547488	      0.01350911	      0.02075136
      1.86000000	      0.00537339	      0.01338331	      0.02075815
      1.86500000	      0.00523729	      0.01321273	      0.02095076
      1.87000000	      0.00517962	      0.01313978	      0.02060042
      1.87500000	      0.00511752	      0.01306078	      0.02031603
      1.88000000	      0.00503838	      0.01295940	      0.02022489
      1.88500000	      0.00493382	      0.01282422	      0.02036618
      1.89000000	      0.00493406	      0.01282453	      0.01973787
      1.89500000	      0.00494940	      0.01284446	      0.01973009
      1.90000000	      0.00498283	      0.01288776	      0.02001782
      1.90500000	      0.00503810	      0.01295903	      0.02073221
      1.91000000	      0.00506590	      0.01299474	      0.02045189
      1.91500000	      0.00509055	      0.01302632	      0.02019344
      1.92000000	      0.00514179	      0.01309172	      0.02080203
      1.92500000	      0.00513715	      0.01308581	      0.02085148
      1.93000000	      0.00515287	      0.01310581	      0.02124669
      1.93500000	      0.00510196	      0.01304091	      0.02051950
      1.94000000	      0.00507360	      0.01300462	      0.02064655
      1.94500000	      0.00505243	      0.01297745	      0.02082125
      1.95000000	      0.00501263	      0.01292624	      0.02077279
      1.95500000	      0.00492798	      0.01281663	      0.02007666
      1.96000000	      0.00490618	      0.01278826	      0.01994049
      1.96500000	      0.00484985	      0.01271462	      0.01998183
      1.97000000	      0.00484180	      0.01270407	      0.02010820
      1.97500000	      0.00477864	      0.01262094	      0.02035386
      1.98000000	      0.00477085	      0.01261064	      0.02055044
      1.98500000	      0.00476456	      0.01260233	      0.02058902
      1.99000000	      0.00475312	      0.01258719	      0.02059944
      1.99500000	      0.00477337	      0.01261398	      0.02067355
      2.00000000	      0.00479777	      0.01264617	      0.02082524
      2.00500000	      0.00478348	      0.01262733	      0.02073205
      2.01000000	      0.00481842	      0.01267336	      0.02085496
      2.01500000	      0.00481760	      0.01267228	      0.02080205
      2.02000000	      0.00483675	      0.01269744	      0.02081181
      2.02500000	      0.00485663	      0.01272351	      0.02081965
      2.03000000	      0.00487434	      0.01274668	      0.02080473
      2.03500000	      0.00489261	      0.01277055	      0.02076896
      2.04000000	      0.00490850	      0.01279127	      0.02064471
      2.04500000	      0.00493273	      0.01282281	      0.02051087
      2.05000000	      0.00494446	      0.01283804	      0.02040884
      2.05500000	      0.00497017	      0.01287138	      0.02031518
      2.06000000	      0.00497392	      0.01287623	      0.02018589
      2.06500000	      0.00498127	      0.01288574	      0.02034244
      2.07000000	      0.00502268	      0.01293919	      0.02083120
      2.07500000	      0.00501492	      0.01292919	      0.02053895
      2.08000000	      0.00506627	      0.01299522	      0.02104422
      2.08500000	      0.00506572	      0.01299451	      0.02082428
      2.09000000	      0.00513195	      0.01307918	      0.02141382
      2.09500000	      0.00513645	      0.01308492	      0.02128734
      2.10000000	      0.00517639	      0.01313569	      0.02166472
      2.10500000	      0.00521253	      0.01318146	      0.02175429
      2.11000000	      0.00526061	      0.01324211	      0.02207384
      2.11500000	      0.00533473	      0.01333508	      0.02250263
      2.12000000	      0.00535540	      0.01336089	      0.02224934
      2.12500000	      0.00541878	      0.01343971	      0.02245057
      2.13000000	      0.00548795	      0.01352523	      0.02259143
      2.13500000	      0.00555932	      0.01361289	      0.02247207
      2.14000000	      0.00563633	      0.01370685	      0.02263935
      2.14500000	      0.00571444	      0.01380150	      0.02258294
      2.15000000	      0.00579565	      0.01389922	      0.02268936
      2.15500000	      0.00588470	      0.01400560	      0.02269594
      2.16000000	      0.00596547	      0.01410138	      0.02274769
      2.16500000	      0.00604921	      0.01420001	      0.02276747
      2.17000000	      0.00613955	      0.01430565	      0.02282459
      2.17500000	      0.00625456	      0.01443902	      0.02280081
      2.18000000	      0.00633958	      0.01453683	      0.02315969
      2.18500000	      0.00643228	      0.01464273	      0.02337321
      2.19000000	      0.00650831	      0.01472901	      0.02414835
      2.19500000	      0.00656381	      0.01479168	      0.02409531
      2.20000000	      0.00663367	      0.01487018	      0.02453554
      2.20500000	      0.00668247	      0.01492478	      0.02508425
      2.21000000	      0.00676925	      0.01502137	      0.02476271
      2.21500000	      0.00669463	      0.01493835	      0.02535635
      2.22000000	      0.00672997	      0.01497773	      0.02529441
      2.22500000	      0.00673031	      0.01497810	      0.02532649
      2.23000000	      0.00667431	      0.01491566	      0.02544971
      2.23500000	      0.00663699	      0.01487390	      0.02502984
      2.24000000	      0.00657528	      0.01480459	      0.02461576
      2.24500000	      0.00648538	      0.01470303	      0.02425649
      2.25000000	      0.00634084	      0.01453827	      0.02438081
      2.25500000	      0.00623448	      0.01441582	      0.02381001
      2.26000000	      0.00614068	      0.01430697	      0.02340326
      2.26500000	      0.00605887	      0.01421134	      0.02324679
      2.27000000	      0.00600938	      0.01415319	      0.02333011
      2.27500000	      0.00599613	      0.01413757	      0.02360024
      2.28000000	      0.00601662	      0.01416170	      0.02361284
      2.28500000	      0.00604211	      0.01419167	      0.02435977
      2.29000000	      0.00611480	      0.01427678	      0.02434359
      2.29500000	      0.00616882	      0.01433971	      0.02486925
      2.30000000	      0.00623903	      0.01442108	      0.02457991
      2.30500000	      0.00624372	      0.01442651	      0.02468974
      2.31000000	      0.00623161	      0.01441250	      0.02410291
      2.31500000	      0.00617414	      0.01434590	      0.02354766
      2.32000000	      0.00608918	      0.01424685	      0.02291406
      2.32500000	      0.00597801	      0.01411620	      0.02255377
      2.33000000	      0.00588598	      0.01400712	      0.02220885
      2.33500000	      0.00582214	      0.01393095	      0.02208114
      2.34000000	      0.00577622	      0.01387591	      0.02189772
      2.34500000	      0.00575461	      0.01384992	      0.02159367
      2.35000000	      0.00573698	      0.01382869	      0.02124223
      2.35500000	      0.00574682	      0.01384055	      0.02103286
      2.36000000	      0.00573567	      0.01382711	      0.02077024
      2.36500000	      0.00577879	      0.01387899	      0.02063913
      2.37000000	      0.00584428	      0.01395741	      0.02095570
      2.37500000	      0.00592069	      0.01404836	      0.02124373
      2.38000000	      0.00595703	      0.01409140	      0.02126408
      2.38500000	      0.00603418	      0.01418236	      0.02169617
      2.39000000	      0.00610583	      0.01426632	      0.02205220
      2.39500000	      0.00613895	      0.01430495	      0.02243822
      2.40000000	      0.00620091	      0.01437696	      0.02246513
      2.40500000	      0.00615640	      0.01432527	      0.02228875
      2.41000000	      0.00618560	      0.01435920	      0.02229611
      2.41500000	      0.00618814	      0.01436215	      0.02242686
      2.42000000	      0.00618239	      0.01435547	      0.02241316
      2.42500000	      0.00615406	      0.01432254	      0.02234655
      2.43000000	      0.00615557	      0.01432431	      0.02219293
      2.43500000	      0.00614324	      0.01430995	      0.02227731
      2.44000000	      0.00613200	      0.01429685	      0.02258616
      2.44500000	      0.00614376	      0.01431056	      0.02279386
      2.45000000	      0.00615775	      0.01432684	      0.02302366
      2.45500000	      0.00615183	      0.01431995	      0.02314945
      2.46000000	      0.00616512	      0.01433541	      0.02344354
      2.46500000	      0.00619376	      0.01436867	      0.02360341
      2.47000000	      0.00621692	      0.01439551	      0.02356133
      2.47500000	      0.00624973	      0.01443345	      0.02373834
      2.48000000	      0.00626957	      0.01445634	      0.02389162
      2.48500000	      0.00630094	      0.01449246	      0.02389927
      2.49000000	      0.00631952	      0.01451381	      0.02396554
      2.49500000	      0.00633337	      0.01452970	      0.02414679
      2.50000000	      0.00634289	      0.01454062	      0.02431565
      2.50500000	      0.00635359	      0.01455288	      0.02450941
      2.51000000	      0.00635895	      0.01455902	      0.02473972
      2.51500000	      0.00636527	      0.01456625	      0.02492256
      2.52000000	      0.00636714	      0.01456839	      0.02510172
      2.52500000	      0.00637888	      0.01458182	      0.02525663
      2.53000000	      0.00639304	      0.01459799	      0.02535567
      2.53500000	      0.00642559	      0.01463511	      0.02524106
      2.54000000	      0.00642431	      0.01463365	      0.02540490
      2.54500000	      0.00645442	      0.01466790	      0.02519224
      2.55000000	      0.00646089	      0.01467525	      0.02524207
      2.55500000	      0.00646142	      0.01467585	      0.02524647
      2.56000000	      0.00647912	      0.01469594	      0.02529854
      2.56500000	      0.00649394	      0.01471274	      0.02518503
      2.57000000	      0.00650914	      0.01472995	      0.02505906
      2.57500000	      0.00652042	      0.01474271	      0.02492386
      2.58000000	      0.00652930	      0.01475273	      0.02481084
      2.58500000	      0.00653383	      0.01475786	      0.02472243
      2.59000000	      0.00653371	      0.01475772	      0.02464984
      2.59500000	      0.00653107	      0.01475474	      0.02459431
      2.60000000	      0.00652816	      0.01475145	      0.02456020
      2.60500000	      0.00652496	      0.01474783	      0.02450795
      2.61000000	      0.00651804	      0.01474001	      0.02444238
      2.61500000	      0.00651841	      0.01474043	      0.02443557
      2.62000000	      0.00653283	      0.01475673	      0.02440471
      2.62500000	      0.00655906	      0.01478633	      0.02450928
      2.63000000	      0.00659620	      0.01482813	      0.02472459
      2.63500000	      0.00665662	      0.01489589	      0.02479094
      2.64000000	      0.00669577	      0.01493962	      0.02500735
      2.64500000	      0.00674941	      0.01499935	      0.02510137
      2.65000000	      0.00680770	      0.01506398	      0.02531166
      2.65500000	      0.00683092	      0.01508964	      0.02480354
      2.66000000	      0.00687336	      0.01513645	      0.02487623
      2.66500000	      0.00689743	      0.01516292	      0.02505860
      2.67000000	      0.00690156	      0.01516747	      0.02480558
      2.67500000	      0.00689904	      0.01516469	      0.02467571
      2.68000000	      0.00693036	      0.01519908	      0.02492330
      2.68500000	      0.00691267	      0.01517967	      0.02472857
      2.69000000	      0.00689495	      0.01516020	      0.02473298
      2.69500000	      0.00685849	      0.01512007	      0.02479311
      2.70000000	      0.00669849	      0.01494266	      0.02404959
      2.70500000	      0.00663993	      0.01487720	      0.02412489
      2.71000000	      0.00658097	      0.01481100	      0.02400865
      2.71500000	      0.00652374	      0.01474645	      0.02401637
      2.72000000	      0.00647405	      0.01469019	      0.02396714
      2.72500000	      0.00642228	      0.01463133	      0.02427962
      2.73000000	      0.00637522	      0.01457763	      0.02419623
      2.73500000	      0.00638640	      0.01459041	      0.02399425
      2.74000000	      0.00635438	      0.01455379	      0.02428914
      2.74500000	      0.00633933	      0.01453655	      0.02438505
      2.75000000	      0.00626712	      0.01445351	      0.02461198
      2.75500000	      0.00626133	      0.01444683	      0.02463792
      2.76000000	      0.00621387	      0.01439198	      0.02478395
      2.76500000	      0.00610023	      0.01425977	      0.02497249
      2.77000000	      0.00592070	      0.01404837	      0.02493822
      2.77500000	      0.00577088	      0.01386948	      0.02463895
      2.78000000	      0.00564443	      0.01371669	      0.02401102
      2.78500000	      0.00554582	      0.01359635	      0.02378679
      2.79000000	      0.00542259	      0.01344444	      0.02332108
      2.79500000	      0.00533373	      0.01333383	      0.02279534
      2.80000000	      0.00515358	      0.01310671	      0.02276602
      2.80500000	      0.00512518	      0.01307055	      0.02202938
      2.81000000	      0.00510490	      0.01304466	      0.02136766
      2.81500000	      0.00505191	      0.01297678	      0.02100549
      2.82000000	      0.00505844	      0.01298517	      0.02065680
      2.82500000	      0.00508525	      0.01301954	      0.02008273
      2.83000000	      0.00514285	      0.01309306	      0.02001627
      2.83500000	      0.00521960	      0.01319040	      0.02066155
      2.84000000	      0.00527002	      0.01325395	      0.02060348
      2.84500000	      0.00525881	      0.01323985	      0.02095852
      2.85000000	      0.00531561	      0.01331116	      0.02104234
      2.85500000	      0.00529558	      0.01328606	      0.02160159
      2.86000000	      0.00531537	      0.01331086	      0.02158750
      2.86500000	      0.00532482	      0.01332268	      0.02146289
      2.87000000	      0.00525369	      0.01323341	      0.02142841
      2.87500000	      0.00525625	      0.01323663	      0.02147974
      2.88000000	      0.00525592	      0.01323622	      0.02176835
      2.88500000	      0.00516954	      0.01312699	      0.02106132
      2.89000000	      0.00517565	      0.01313475	      0.02111076
      2.89500000	      0.00512102	      0.01306525	      0.02029907
      2.90000000	      0.00513608	      0.01308445	      0.02029874
      2.90500000	      0.00507876	      0.01301123	      0.02027791
      2.91000000	      0.00507461	      0.01300591	      0.02044331
      2.91500000	      0.00506926	      0.01299905	      0.02060701
      2.92000000	      0.00507115	      0.01300147	      0.02079712
      2.92500000	      0.00507702	      0.01300900	      0.02100442
      2.93000000	      0.00508416	      0.01301815	      0.02117938
      2.93500000	      0.00509837	      0.01303632	      0.02143607
      2.94000000	      0.00511093	      0.01305237	      0.02167545
      2.94500000	      0.00511993	      0.01306386	      0.02190502
      2.95000000	      0.00513180	      0.01307899	      0.02216684
      2.95500000	      0.00513005	      0.01307677	      0.02228156
      2.96000000	      0.00512878	      0.01307514	      0.02240486
      2.96500000	      0.00513729	      0.01308598	      0.02253388
      2.97000000	      0.00510775	      0.01304830	      0.02220411
      2.97500000	      0.00510855	      0.01304933	      0.02200027
      2.98000000	      0.00509307	      0.01302955	      0.02212090
      2.98500000	      0.00505805	      0.01298467	      0.02172451
      2.99000000	      0.00506191	      0.01298962	      0.02138000
      2.99500000	      0.00502602	      0.01294349	      0.02124881
      3.00000000	      0.00501451	      0.01292866	      0.02114277
      3.00500000	      0.00503147	      0.01295051	      0.02086431
      3.01000000	      0.00499374	      0.01290187	      0.02046729
      3.01500000	      0.00499335	      0.01290136	      0.02005492
      3.02000000	      0.00503849	      0.01295954	      0.02004929
      3.02500000	      0.00500050	      0.01291060	      0.01963190
      3.03000000	      0.00501552	      0.01292997	      0.01992512
      3.03500000	      0.00502224	      0.01293862	      0.01996575
      3.04000000	      0.00503121	      0.01295018	      0.01981828
      3.04500000	      0.00505288	      0.01297803	      0.01998291
      3.05000000	      0.00507202	      0.01300259	      0.01990770
      3.05500000	      0.00509971	      0.01303803	      0.01992491
      3.06000000	      0.00515095	      0.01310337	      0.02015021
      3.06500000	      0.00520239	      0.01316864	      0.02025085
      3.07000000	      0.00526066	      0.01324218	      0.02011356
      3.07500000	      0.00534463	      0.01334745	      0.02041789
      3.08000000	      0.00543907	      0.01346486	      0.02053071
      3.08500000	      0.00553003	      0.01357697	      0.02058404
      3.09000000	      0.00563519	      0.01370546	      0.02064204
      3.09500000	      0.00575245	      0.01384732	      0.02066439
      3.10000000	      0.00587254	      0.01399111	      0.02122602
      3.10500000	      0.00600453	      0.01414747	      0.02212049
      3.11000000	      0.00612698	      0.01429100	      0.02225257
      3.11500000	      0.00625408	      0.01443847	      0.02318612
      3.12000000	      0.00638660	      0.01459063	      0.02399359
      3.12500000	      0.00649303	      0.01471171	      0.02389366
      3.13000000	      0.00658584	      0.01481647	      0.02452765
      3.13500000	      0.00666502	      0.01490528	      0.02496919
      3.14000000	      0.00672031	      0.01496698	      0.02529493
      3.14500000	      0.00679773	      0.01505293	      0.02487030
      3.15000000	      0.00675796	      0.01500884	      0.02539368
      3.15500000	      0.00674007	      0.01498896	      0.02535652
      3.16000000	      0.00662864	      0.01486454	      0.02548467
      3.16500000	      0.00658564	      0.01481625	      0.02496688
      3.17000000	      0.00650956	      0.01473043	      0.02455008
      3.17500000	      0.00638144	      0.01458474	      0.02485951
      3.18000000	      0.00628137	      0.01446993	      0.02438832
      3.18500000	      0.00619249	      0.01436719	      0.02416530
      3.19000000	      0.00611939	      0.01428214	      0.02414463
      3.19500000	      0.00608376	      0.01424051	      0.02404927
      3.20000000	      0.00604601	      0.01419626	      0.02443863
      3.20500000	      0.00605062	      0.01420167	      0.02473944
      3.21000000	      0.00610545	      0.01426586	      0.02419437
      3.21500000	      0.00611942	      0.01428218	      0.02463615
      3.22000000	      0.00613617	      0.01430171	      0.02450905
      3.22500000	      0.00614270	      0.01430932	      0.02449975
      3.23000000	      0.00614897	      0.01431662	      0.02418976
      3.23500000	      0.00614722	      0.01431458	      0.02375924
      3.24000000	      0.00600171	      0.01414416	      0.02500286
      3.24500000	      0.00596820	      0.01410461	      0.02499096
      3.25000000	      0.00594947	      0.01408246	      0.02537790
      3.25500000	      0.00594187	      0.01407346	      0.02536007
      3.26000000	      0.00595358	      0.01408732	      0.02545569
      3.26500000	      0.00598492	      0.01412435	      0.02499938
      3.27000000	      0.00600973	      0.01415360	      0.02524714
      3.27500000	      0.00605184	      0.01420310	      0.02506569
      3.28000000	      0.00608251	      0.01423905	      0.02495051
      3.28500000	      0.00613426	      0.01429948	      0.02501551
      3.29000000	      0.00616673	      0.01433729	      0.02509172
      3.29500000	      0.00619366	      0.01436856	      0.02465324
      3.30000000	      0.00624294	      0.01442560	      0.02450059
      3.30500000	      0.00627981	      0.01446814	      0.02460717
      3.31000000	      0.00628788	      0.01447743	      0.02445462
      3.31500000	      0.00624942	      0.01443309	      0.02474595
      3.32000000	      0.00624108	      0.01442345	      0.02470926
      3.32500000	      0.00622545	      0.01440538	      0.02449284
      3.33000000	      0.00620714	      0.01438418	      0.02444666
      3.33500000	      0.00614387	      0.01431069	      0.02452829
      3.34000000	      0.00612621	      0.01429010	      0.02440776
      3.34500000	      0.00613179	      0.01429661	      0.02420903
      3.35000000	      0.00603082	      0.01417841	      0.02421964
      3.35500000	      0.00603888	      0.01418788	      0.02414413
      3.36000000	      0.00601680	      0.01416192	      0.02393876
      3.36500000	      0.00601339	      0.01415791	      0.02392732
      3.37000000	      0.00599185	      0.01413252	      0.02351959
      3.37500000	      0.00603209	      0.01417990	      0.02345469
      3.38000000	      0.00600339	      0.01414613	      0.02345627
      3.38500000	      0.00604463	      0.01419463	      0.02333377
      3.39000000	      0.00608079	      0.01423703	      0.02327704
      3.39500000	      0.00609966	      0.01425910	      0.02354668
      3.40000000	      0.00614784	      0.01431531	      0.02329209
      3.40500000	      0.00610456	      0.01426483	      0.02344438
      3.41000000	      0.00615650	      0.01432538	      0.02357286
      3.41500000	      0.00618140	      0.01435433	      0.02374041
      3.42000000	      0.00620300	      0.01437938	      0.02380895
      3.42500000	      0.00623978	      0.01442195	      0.02404877
      3.43000000	      0.00623471	      0.01441609	      0.02422678
      3.43500000	      0.00627103	      0.01445802	      0.02439671
      3.44000000	      0.00630557	      0.01449778	      0.02449340
      3.44500000	      0.00633296	      0.01452923	      0.02465545
      3.45000000	      0.00634167	      0.01453922	      0.02475868
      3.45500000	      0.00633357	      0.01452994	      0.02485808
      3.46000000	      0.00638202	      0.01458541	      0.02494455
      3.46500000	      0.00639065	      0.01459526	      0.02506799
      3.47000000	      0.00643272	      0.01464322	      0.02529087
      3.47500000	      0.00648353	      0.01470095	      0.02538290
      3.48000000	      0.00650018	      0.01471981	      0.02545657
      3.48500000	      0.00654597	      0.01477156	      0.02561020
      3.49000000	      0.00656156	      0.01478914	      0.02578464
      3.49500000	      0.00660124	      0.01483379	      0.02603570
      3.50000000	      0.00663508	      0.01487177	      0.02618898
      3.50500000	      0.00661764	      0.01485221	      0.02624695
      3.51000000	      0.00663229	      0.01486863	      0.02636651
      3.51500000	      0.00664495	      0.01488282	      0.02653637
      3.52000000	      0.00661151	      0.01484532	      0.02635134
      3.52500000	      0.00660670	      0.01483992	      0.02652827
      3.53000000	      0.00659968	      0.01483204	      0.02661794
      3.53500000	      0.00659238	      0.01482383	      0.02670044
      3.54000000	      0.00658570	      0.01481632	      0.02678889
      3.54500000	      0.00658368	      0.01481405	      0.02687572
      3.55000000	      0.00658828	      0.01481922	      0.02696127
      3.55500000	      0.00659444	      0.01482615	      0.02705168
      3.56000000	      0.00656122	      0.01478876	      0.02670100
      3.56500000	      0.00658016	      0.01481009	      0.02679163
      3.57000000	      0.00660030	      0.01483274	      0.02693787
      3.57500000	      0.00661734	      0.01485187	      0.02708118
      3.58000000	      0.00663050	      0.01486663	      0.02724685
      3.58500000	      0.00663924	      0.01487643	      0.02741604
      3.59000000	      0.00664154	      0.01487900	      0.02754426
      3.59500000	      0.00662054	      0.01485545	      0.02633980
      3.60000000	      0.00663150	      0.01486775	      0.02659750
      3.60500000	      0.00662343	      0.01485870	      0.02681831
      3.61000000	      0.00663534	      0.01487205	      0.02699796
      3.61500000	      0.00659277	      0.01482427	      0.02677626
      3.62000000	      0.00659403	      0.01482569	      0.02696041
      3.62500000	      0.00654955	      0.01477560	      0.02654917
      3.63000000	      0.00650748	      0.01472807	      0.02652950
      3.63500000	      0.00643904	      0.01465041	      0.02646443
      3.64000000	      0.00632663	      0.01452197	      0.02570359
      3.64500000	      0.00622889	      0.01440936	      0.02553498
      3.65000000	      0.00612649	      0.01429043	      0.02531391
      3.65500000	      0.00602762	      0.01417465	      0.02497172
      3.66000000	      0.00593691	      0.01406759	      0.02468424
      3.66500000	      0.00587379	      0.01399260	      0.02435300
      3.67000000	      0.00579946	      0.01390379	      0.02405231
      3.67500000	      0.00574317	      0.01383615	      0.02381230
      3.68000000	      0.00572136	      0.01380985	      0.02334698
      3.68500000	      0.00571102	      0.01379737	      0.02355862
      3.69000000	      0.00571288	      0.01379962	      0.02338214
      3.69500000	      0.00570768	      0.01379333	      0.02342175
      3.70000000	      0.00570610	      0.01379143	      0.02335190
      3.70500000	      0.00565564	      0.01373030	      0.02361984
      3.71000000	      0.00564718	      0.01372003	      0.02336747
      3.71500000	      0.00558817	      0.01364817	      0.02336653
      3.72000000	      0.00549040	      0.01352825	      0.02309882
      3.72500000	      0.00541612	      0.01343642	      0.02293874
      3.73000000	      0.00516151	      0.01311680	      0.02319339
      3.73500000	      0.00505642	      0.01298258	      0.02269861
      3.74000000	      0.00494739	      0.01284185	      0.02228426
      3.74500000	      0.00484772	      0.01271183	      0.02182019
      3.75000000	      0.00475855	      0.01259438	      0.02132578
      3.75500000	      0.00467897	      0.01248862	      0.02074142
      3.76000000	      0.00461691	      0.01240552	      0.02054815
      3.76500000	      0.00461601	      0.01240431	      0.01998120
      3.77000000	      0.00460153	      0.01238485	      0.01997565
      3.77500000	      0.00465414	      0.01245544	      0.01956739
      3.78000000	      0.00472844	      0.01255447	      0.02018843
      3.78500000	      0.00474874	      0.01258138	      0.01966961
      3.79000000	      0.00482548	      0.01268264	      0.01993937
      3.79500000	      0.00483055	      0.01268930	      0.01968061
      3.80000000	      0.00488339	      0.01275851	      0.02008659
      3.80500000	      0.00485115	      0.01271633	      0.02005215
      3.81000000	      0.00488325	      0.01275834	      0.02038900
      3.81500000	      0.00482051	      0.01267610	      0.02077838
      3.82000000	      0.00482987	      0.01268841	      0.02089966
      3.82500000	      0.00483064	      0.01268942	      0.02103552
      3.83000000	      0.00473491	      0.01256306	      0.02098742
      3.83500000	      0.00475181	      0.01258546	      0.02121700
      3.84000000	      0.00468982	      0.01250310	      0.02135121
      3.84500000	      0.00468256	      0.01249341	      0.02158775
      3.85000000	      0.00466592	      0.01247120	      0.02166732
      3.85500000	      0.00466548	      0.01247061	      0.02187391
      3.86000000	      0.00466206	      0.01246604	      0.02204049
      3.86500000	      0.00465615	      0.01245814	      0.02198510
      3.87000000	      0.00464732	      0.01244631	      0.02204902
      3.87500000	      0.00463112	      0.01242460	      0.02196642
      3.88000000	      0.00461890	      0.01240820	      0.02175424
      3.88500000	      0.00459931	      0.01238185	      0.02163786
      3.89000000	      0.00458070	      0.01235678	      0.02152171
      3.89500000	      0.00457843	      0.01235372	      0.02166129
      3.90000000	      0.00457014	      0.01234253	      0.02151865
      3.90500000	      0.00462087	      0.01241085	      0.02141701
      3.91000000	      0.00457126	      0.01234404	      0.02136912
      3.91500000	      0.00456608	      0.01233705	      0.02126578
      3.92000000	      0.00463238	      0.01242629	      0.02168252
      3.92500000	      0.00458897	      0.01236793	      0.02121553
      3.93000000	      0.00466589	      0.01247115	      0.02169512
      3.93500000	      0.00463427	      0.01242882	      0.02132365
      3.94000000	      0.00466761	      0.01247345	      0.02140848
      3.94500000	      0.00472328	      0.01254762	      0.02178170
      3.95000000	      0.00475525	      0.01259001	      0.02169594
      3.95500000	      0.00481176	      0.01266459	      0.02189724
      3.96000000	      0.00486650	      0.01273643	      0.02199936
      3.96500000	      0.00491004	      0.01279328	      0.02177340
      3.97000000	      0.00497768	      0.01288110	      0.02186147
      3.97500000	      0.00503635	      0.01295679	      0.02164626
      3.98000000	      0.00513491	      0.01308296	      0.02193036
      3.98500000	      0.00521881	      0.01318941	      0.02199772
      3.99000000	      0.00529360	      0.01328358	      0.02218454
      3.99500000	      0.00533341	      0.01333343	      0.02232671
